 coord.inp
 axes.inp
  0.815000000000000     
   1000.00000000000     
  0.000000000000000E-002
   1.00000000000000     
     220
     200
     3000000
     50000
        2916        2916           2
  5.351345076563437E-003  5.351345076563437E-003  5.351345076563437E-003
  0.153514090703647       0.153514090703646       0.154749585526487
  1.059850322487837E-004  3.290922884988126E-002  1.675585943800000E-002
  2.205235563752509E-002  1.336985170406288E-002  1.675585943800000E-002
  1.675585943800000E-002  1.675585943800000E-002  1.675585943800000E-002
  0.400000000000000       0.400000000000000       0.200000000000000
       10000
        1000
       2
       100000
     82154998
