 coord.inp
 axes.inp
  0.8150000000000000     
   1000.00000000000     
  0.000000000000000E-002
   1.00000000000000     
     230
     210
     3000000
     50000
        1728        1728           2
  5.598105521851726E-003  5.598105521851726E-003  5.598105521851726E-003
  0.145298352017908       0.145298352017907       0.146467725857549
  1.141900660871709E-004  3.290922884988126E-002  1.675585943800000E-002
  2.205235563752509E-002  1.336985170406288E-002  1.675585943800000E-002
  1.675585943800000E-002  1.675585943800000E-002  1.675585943800000E-002
  0.400000000000000       0.400000000000000       0.200000000000000
       10000
        1000
       2
       100000
     1164303108
