0.818523610275289 0.090947067808365 0.000000000000000
0.818523610275289 -0.090947067808365 0.000000000000000
-0.818523610275289 -0.090947067808365 0.000000000000000
-0.818523610275289 0.090947067808365 0.000000000000000
0.090947067808365 0.818523610275289 0.000000000000000
-0.090947067808365 0.818523610275289 0.000000000000000
-0.090947067808365 -0.818523610275289 0.000000000000000
0.090947067808365 -0.818523610275289 0.000000000000000
0.818523610275289 0.000000000000000 0.090947067808365
0.818523610275289 0.000000000000000 -0.090947067808365
-0.818523610275289 0.000000000000000 -0.090947067808365
-0.818523610275289 0.000000000000000 0.090947067808365
0.090947067808365 0.000000000000000 0.818523610275289
-0.090947067808365 0.000000000000000 0.818523610275289
-0.090947067808365 0.000000000000000 -0.818523610275289
0.090947067808365 0.000000000000000 -0.818523610275289
0.000000000000000 0.090947067808365 0.818523610275289
0.000000000000000 -0.090947067808365 0.818523610275289
0.000000000000000 -0.090947067808365 -0.818523610275289
0.000000000000000 0.090947067808365 -0.818523610275289
0.000000000000000 0.818523610275289 0.090947067808365
0.000000000000000 0.818523610275289 -0.090947067808365
0.000000000000000 -0.818523610275289 -0.090947067808365
0.000000000000000 -0.818523610275289 0.090947067808365
