0	0	0
0	1	26
0	2	4
0	75	1
100	0	0
100	1	23
100	2	5
100	4	1
100	73	1
200	0	0
200	1	17
200	2	1
200	3	2
200	4	1
200	71	1
300	0	0
300	1	19
300	2	4
300	71	1
400	0	0
400	1	26
400	2	6
400	3	2
400	4	1
400	5	1
400	84	1
500	0	0
500	1	28
500	2	3
500	3	2
500	4	1
500	70	1
600	0	0
600	1	26
600	2	5
600	85	1
700	0	0
700	1	20
700	2	3
700	3	1
700	71	1
800	0	0
800	1	31
800	2	5
800	3	1
800	4	1
800	9	1
800	85	1
900	0	0
900	1	24
900	2	6
900	3	2
900	74	1
1000	0	0
1000	1	37
1000	2	3
1000	5	1
1000	71	1
1100	0	0
1100	1	25
1100	2	1
1100	3	2
1100	9	1
1100	75	1
1200	0	0
1200	1	21
1200	2	2
1200	3	1
1200	4	1
1200	79	1
1300	0	0
1300	1	19
1300	2	6
1300	3	1
1300	80	1
1400	0	0
1400	1	20
1400	2	1
1400	8	1
1400	71	1
1500	0	0
1500	1	15
1500	2	6
1500	3	2
1500	4	1
1500	71	1
1600	0	0
1600	1	11
1600	2	7
1600	3	1
1600	4	1
1600	70	1
1700	0	0
1700	1	19
1700	2	5
1700	3	1
1700	4	1
1700	7	1
1700	71	1
1800	0	0
1800	1	19
1800	2	5
1800	3	1
1800	4	1
1800	7	1
1800	71	1
1900	0	0
1900	1	27
1900	2	2
1900	3	1
1900	4	1
1900	70	1
2000	0	0
2000	1	27
2000	2	2
2000	3	1
2000	4	1
2000	70	1
2100	0	0
2100	1	20
2100	2	4
2100	3	3
2100	73	1
2200	0	0
2200	1	20
2200	2	2
2200	4	1
2200	75	1
2300	0	0
2300	1	21
2300	2	8
2300	4	1
2300	6	1
2300	78	1
2400	0	0
2400	1	21
2400	2	4
2400	3	1
2400	4	1
2400	9	1
2400	70	1
2500	0	0
2500	1	25
2500	2	2
2500	3	1
2500	4	1
2500	5	1
2500	77	1
2600	0	0
2600	1	14
2600	2	9
2600	3	1
2600	6	1
2600	22	1
2600	81	1
2700	0	0
2700	1	29
2700	2	6
2700	3	1
2700	4	2
2700	7	1
2700	71	1
2800	0	0
2800	1	18
2800	2	7
2800	3	2
2800	70	1
2900	0	0
2900	1	21
2900	2	3
2900	79	1
3000	0	0
3000	1	20
3000	4	1
3000	89	1
3100	0	0
3100	1	28
3100	2	2
3100	3	3
3100	73	1
3200	0	0
3200	1	24
3200	2	4
3200	3	1
3200	4	1
3200	80	1
3300	0	0
3300	1	20
3300	2	3
3300	3	1
3300	80	1
3400	0	0
3400	1	30
3400	2	3
3400	3	2
3400	9	1
3400	70	1
3500	0	0
3500	1	18
3500	2	4
3500	9	1
3500	79	1
3600	0	0
3600	1	22
3600	2	2
3600	3	1
3600	74	1
3700	0	0
3700	1	21
3700	2	5
3700	3	1
3700	71	1
3800	0	0
3800	1	25
3800	2	3
3800	4	1
3800	84	1
3900	0	0
3900	1	22
3900	2	6
3900	3	2
3900	5	1
3900	78	1
4000	0	0
4000	1	18
4000	2	1
4000	3	3
4000	80	1
4100	0	0
4100	1	15
4100	2	3
4100	3	1
4100	74	1
4200	0	0
4200	1	25
4200	2	3
4200	3	1
4200	7	1
4200	83	1
4300	0	0
4300	1	22
4300	2	5
4300	80	1
4400	0	0
4400	1	23
4400	2	2
4400	90	1
4500	0	0
4500	1	30
4500	2	4
4500	4	4
4500	6	1
4500	88	1
4600	0	0
4600	1	34
4600	2	5
4600	3	1
4600	71	1
4700	0	0
4700	1	24
4700	2	3
4700	3	2
4700	83	1
4800	0	0
4800	1	26
4800	2	3
4800	3	3
4800	4	1
4800	70	1
4900	0	0
4900	1	24
4900	2	2
4900	72	1
5000	0	0
5000	1	32
5000	2	3
5000	3	1
5000	75	1
5100	0	0
5100	1	24
5100	2	1
5100	72	1
5200	0	0
5200	1	21
5200	2	7
5200	3	1
5200	15	1
5200	72	1
5300	0	0
5300	1	18
5300	2	4
5300	7	1
5300	38	1
5300	72	1
5400	0	0
5400	1	24
5400	2	2
5400	90	1
5500	0	0
5500	1	25
5500	2	8
5500	4	1
5500	75	1
5600	0	0
5600	1	27
5600	2	3
5600	3	3
5600	76	1
5700	0	0
5700	1	25
5700	2	3
5700	3	1
5700	4	1
5700	77	1
5800	0	0
5800	1	23
5800	2	1
5800	90	1
5900	0	0
5900	1	16
5900	2	1
5900	4	1
5900	74	1
6000	0	0
6000	1	28
6000	2	5
6000	5	1
6000	89	1
6100	0	0
6100	1	16
6100	2	5
6100	75	1
6200	0	0
6200	1	23
6200	2	5
6200	3	2
6200	5	1
6200	71	1
6300	0	0
6300	1	27
6300	2	3
6300	3	1
6300	70	1
6400	0	0
6400	1	25
6400	2	5
6400	3	2
6400	75	1
6500	0	0
6500	1	21
6500	2	5
6500	3	1
6500	4	1
6500	12	1
6500	73	1
6600	0	0
6600	1	30
6600	2	5
6600	71	1
6700	0	0
6700	1	15
6700	2	3
6700	3	1
6700	79	1
6800	0	0
6800	1	29
6800	2	4
6800	85	1
6900	0	0
6900	1	27
6900	2	4
6900	3	2
6900	4	1
6900	6	1
6900	79	1
7000	0	0
7000	1	20
7000	2	1
7000	3	1
7000	4	1
7000	5	2
7000	7	1
7000	82	1
7100	0	0
7100	1	25
7100	2	4
7100	3	1
7100	5	1
7100	85	1
7200	0	0
7200	1	17
7200	2	4
7200	90	1
7300	0	0
7300	1	28
7300	2	2
7300	3	1
7300	4	1
7300	9	1
7300	80	1
7400	0	0
7400	1	17
7400	2	3
7400	3	1
7400	72	1
7500	0	0
7500	1	32
7500	2	2
7500	5	1
7500	6	1
7500	10	1
7500	76	1
7600	0	0
7600	1	17
7600	2	3
7600	3	1
7600	4	1
7600	7	1
7600	72	1
7700	0	0
7700	1	17
7700	2	3
7700	3	1
7700	4	1
7700	7	1
7700	72	1
7800	0	0
7800	1	17
7800	2	4
7800	4	1
7800	90	1
7900	0	0
7900	1	21
7900	2	4
7900	3	1
7900	78	1
8000	0	0
8000	1	22
8000	2	1
8000	3	1
8000	78	1
8100	0	0
8100	1	22
8100	2	3
8100	3	3
8100	82	1
8200	0	0
8200	1	30
8200	2	2
8200	74	1
8300	0	0
8300	1	10
8300	2	1
8300	5	1
8300	70	1
8400	0	0
8400	1	10
8400	2	1
8400	5	1
8400	70	1
8500	0	0
8500	1	29
8500	2	5
8500	89	1
8600	0	0
8600	1	20
8600	2	6
8600	3	1
8600	4	2
8600	5	1
8600	6	1
8600	90	1
8700	0	0
8700	1	30
8700	2	4
8700	3	1
8700	6	1
8700	77	1
8800	0	0
8800	1	16
8800	2	8
8800	3	2
8800	87	1
8900	0	0
8900	1	16
8900	2	6
8900	3	1
8900	6	1
8900	73	1
9000	0	0
9000	1	17
9000	2	2
9000	4	1
9000	11	1
9000	73	1
9100	0	0
9100	1	29
9100	2	8
9100	3	3
9100	5	1
9100	8	1
9100	81	1
9200	0	0
9200	1	27
9200	2	6
9200	3	2
9200	5	1
9200	7	1
9200	89	1
9300	0	0
9300	1	24
9300	2	9
9300	3	1
9300	4	1
9300	9	1
9300	80	1
9400	0	0
9400	1	18
9400	2	3
9400	4	1
9400	12	1
9400	72	1
9500	0	0
9500	1	22
9500	2	4
9500	84	1
9600	0	0
9600	1	30
9600	3	2
9600	5	1
9600	74	1
9700	0	0
9700	1	25
9700	2	2
9700	7	1
9700	74	1
9800	0	0
9800	1	23
9800	2	3
9800	3	2
9800	4	1
9800	5	1
9800	89	1
9900	0	0
9900	1	22
9900	2	3
9900	3	2
9900	81	1
10000	0	0
10000	1	15
10000	2	2
10000	3	1
10000	86	1
10100	0	0
10100	1	19
10100	2	7
10100	81	1
10200	0	0
10200	1	26
10200	2	3
10200	3	1
10200	4	1
10200	79	1
10300	0	0
10300	1	23
10300	2	3
10300	3	1
10300	20	1
10300	80	1
10400	0	0
10400	1	25
10400	2	2
10400	4	1
10400	27	1
10400	72	1
10500	0	0
10500	1	32
10500	2	5
10500	7	1
10500	8	1
10500	16	1
10500	72	1
10600	0	0
10600	1	15
10600	2	3
10600	4	1
10600	5	1
10600	86	1
10700	0	0
10700	1	36
10700	2	1
10700	3	1
10700	74	1
10800	0	0
10800	1	17
10800	2	2
10800	3	2
10800	71	1
10900	0	0
10900	1	24
10900	2	2
10900	3	2
10900	71	1
11000	0	0
11000	1	16
11000	2	4
11000	7	1
11000	70	1
11100	0	0
11100	1	17
11100	2	6
11100	3	1
11100	8	1
11100	73	1
11200	0	0
11200	1	25
11200	2	1
11200	3	2
11200	6	1
11200	81	1
11300	0	0
11300	1	13
11300	2	2
11300	76	1
11400	0	0
11400	1	18
11400	2	2
11400	3	2
11400	83	1
11500	0	0
11500	1	25
11500	2	4
11500	73	1
11600	0	0
11600	1	26
11600	3	1
11600	87	1
11700	0	0
11700	1	27
11700	2	2
11700	5	1
11700	82	1
11800	0	0
11800	1	18
11800	2	3
11800	3	1
11800	70	1
11900	0	0
11900	1	19
11900	2	4
11900	3	2
11900	70	1
12000	0	0
12000	1	19
12000	2	4
12000	71	1
12100	0	0
12100	1	24
12100	2	6
12100	73	1
12200	0	0
12200	1	15
12200	2	2
12200	3	1
12200	83	1
12300	0	0
12300	1	19
12300	2	6
12300	6	1
12300	74	1
12400	0	0
12400	1	25
12400	2	2
12400	3	1
12400	73	1
12500	0	0
12500	1	20
12500	2	5
12500	70	1
12600	0	0
12600	1	20
12600	2	5
12600	70	1
12700	0	0
12700	1	18
12700	2	5
12700	4	1
12700	75	1
12800	0	0
12800	1	27
12800	2	3
12800	73	1
12900	0	0
12900	1	14
12900	2	1
12900	3	2
12900	71	1
13000	0	0
13000	1	18
13000	2	6
13000	70	1
13100	0	0
13100	1	20
13100	2	3
13100	3	1
13100	73	1
13200	0	0
13200	1	24
13200	2	1
13200	3	2
13200	71	1
13300	0	0
13300	1	14
13300	2	3
13300	78	1
13400	0	0
13400	1	21
13400	2	3
13400	3	3
13400	71	1
13500	0	0
13500	1	21
13500	2	6
13500	3	2
13500	8	1
13500	72	1
13600	0	0
13600	1	28
13600	2	4
13600	74	1
13700	0	0
13700	1	25
13700	2	1
13700	3	1
13700	5	2
13700	75	1
13800	0	0
13800	1	17
13800	90	1
13900	0	0
13900	1	20
13900	2	2
13900	3	2
13900	6	1
13900	80	1
14000	0	0
14000	1	25
14000	2	4
14000	3	1
14000	6	1
14000	80	1
14100	0	0
14100	1	21
14100	2	3
14100	5	1
14100	81	1
14200	0	0
14200	1	20
14200	2	3
14200	3	1
14200	74	1
14300	0	0
14300	1	19
14300	2	3
14300	3	1
14300	74	1
14400	0	0
14400	1	20
14400	2	3
14400	3	1
14400	74	1
14500	0	0
14500	1	20
14500	2	3
14500	3	1
14500	74	1
14600	0	0
14600	1	20
14600	2	3
14600	3	1
14600	74	1
14700	0	0
14700	1	28
14700	2	4
14700	4	1
14700	5	1
14700	72	1
14800	0	0
14800	1	14
14800	2	5
14800	3	3
14800	4	1
14800	70	1
14900	0	0
14900	1	20
14900	2	2
14900	3	3
14900	4	1
14900	8	1
14900	75	1
15000	0	0
15000	1	20
15000	2	2
15000	3	3
15000	4	1
15000	8	1
15000	75	1
15100	0	0
15100	1	20
15100	2	2
15100	3	3
15100	4	1
15100	8	1
15100	75	1
15200	0	0
15200	1	20
15200	2	2
15200	3	3
15200	4	1
15200	8	1
15200	75	1
15300	0	0
15300	1	20
15300	2	2
15300	3	3
15300	4	1
15300	8	1
15300	75	1
15400	0	0
15400	1	20
15400	2	2
15400	3	3
15400	4	1
15400	8	1
15400	75	1
15500	0	0
15500	1	20
15500	2	2
15500	3	3
15500	4	1
15500	8	1
15500	75	1
15600	0	0
15600	1	20
15600	2	2
15600	3	3
15600	4	1
15600	8	1
15600	75	1
15700	0	0
15700	1	20
15700	2	2
15700	3	3
15700	4	1
15700	8	1
15700	75	1
15800	0	0
15800	1	28
15800	2	4
15800	3	1
15800	70	1
15900	0	0
15900	1	12
15900	2	2
15900	3	1
15900	71	1
16000	0	0
16000	1	23
16000	2	2
16000	86	1
16100	0	0
16100	1	21
16100	2	6
16100	4	1
16100	78	1
16200	0	0
16200	1	15
16200	2	4
16200	4	1
16200	87	1
16300	0	0
16300	1	22
16300	2	6
16300	3	4
16300	88	1
16400	0	0
16400	1	22
16400	2	4
16400	3	2
16400	86	1
16500	0	0
16500	1	35
16500	2	3
16500	3	1
16500	72	1
16600	0	0
16600	1	19
16600	2	5
16600	81	1
16700	0	0
16700	1	28
16700	2	4
16700	3	1
16700	84	1
16800	0	0
16800	1	15
16800	2	3
16800	74	1
16900	0	0
16900	1	16
16900	2	4
16900	3	2
16900	4	1
16900	81	1
17000	0	0
17000	1	20
17000	2	2
17000	3	1
17000	4	1
17000	7	1
17000	87	1
17100	0	0
17100	1	13
17100	2	3
17100	3	1
17100	73	1
17200	0	0
17200	1	26
17200	2	2
17200	71	1
17300	0	0
17300	1	27
17300	2	2
17300	3	1
17300	75	1
17400	0	0
17400	1	27
17400	2	5
17400	3	2
17400	71	1
17500	0	0
17500	1	23
17500	2	4
17500	3	1
17500	78	1
17600	0	0
17600	1	23
17600	2	5
17600	81	1
17700	0	0
17700	1	24
17700	2	7
17700	3	2
17700	73	1
17800	0	0
17800	1	17
17800	2	6
17800	3	1
17800	4	1
17800	9	1
17800	82	1
17900	0	0
17900	1	25
17900	2	3
17900	79	1
18000	0	0
18000	1	22
18000	2	4
18000	77	1
18100	0	0
18100	1	20
18100	2	2
18100	4	1
18100	7	1
18100	81	1
18200	0	0
18200	1	15
18200	2	4
18200	3	1
18200	4	2
18200	86	1
18300	0	0
18300	1	24
18300	2	6
18300	4	1
18300	5	1
18300	77	1
18400	0	0
18400	1	23
18400	2	3
18400	73	1
18500	0	0
18500	1	21
18500	2	3
18500	3	2
18500	4	3
18500	78	1
18600	0	0
18600	1	23
18600	2	5
18600	77	1
18700	0	0
18700	1	24
18700	2	3
18700	4	1
18700	70	1
18800	0	0
18800	1	23
18800	2	6
18800	80	1
18900	0	0
18900	1	14
18900	2	1
18900	83	1
19000	0	0
19000	1	15
19000	2	2
19000	3	3
19000	6	1
19000	70	1
19100	0	0
19100	1	25
19100	2	4
19100	72	1
19200	0	0
19200	1	17
19200	2	4
19200	5	1
19200	76	1
19300	0	0
19300	1	18
19300	2	4
19300	84	1
19400	0	0
19400	1	28
19400	2	5
19400	3	1
19400	85	1
19500	0	0
19500	1	21
19500	2	2
19500	82	1
19600	0	0
19600	1	18
19600	2	2
19600	6	1
19600	76	1
19700	0	0
19700	1	29
19700	2	3
19700	3	2
19700	10	1
19700	79	1
19800	0	0
19800	1	15
19800	2	2
19800	3	1
19800	73	1
19900	0	0
19900	1	23
19900	2	5
19900	3	2
19900	6	1
19900	7	1
19900	83	1
20000	0	0
20000	1	20
20000	2	4
20000	3	5
20000	6	1
20000	84	1
20100	0	0
20100	1	14
20100	2	6
20100	3	2
20100	5	1
20100	7	1
20100	81	1
20200	0	0
20200	1	24
20200	2	6
20200	3	1
20200	74	1
20300	0	0
20300	1	32
20300	2	1
20300	3	1
20300	5	1
20300	6	1
20300	85	1
20400	0	0
20400	1	15
20400	2	5
20400	3	1
20400	81	1
20500	0	0
20500	1	21
20500	2	5
20500	70	1
20600	0	0
20600	1	19
20600	2	6
20600	71	1
20700	0	0
20700	1	19
20700	2	6
20700	71	1
20800	0	0
20800	1	21
20800	2	2
20800	73	1
20900	0	0
20900	1	24
20900	2	4
20900	75	1
21000	0	0
21000	1	20
21000	2	3
21000	3	1
21000	4	2
21000	75	1
21100	0	0
21100	1	25
21100	2	1
21100	75	1
21200	0	0
21200	1	15
21200	2	3
21200	3	1
21200	81	1
21300	0	0
21300	1	15
21300	2	2
21300	3	1
21300	5	1
21300	83	1
21400	0	0
21400	1	13
21400	2	2
21400	3	4
21400	5	1
21400	88	1
21500	0	0
21500	1	26
21500	2	1
21500	3	1
21500	4	1
21500	83	1
21600	0	0
21600	1	20
21600	2	2
21600	3	2
21600	73	1
21700	0	0
21700	1	19
21700	2	3
21700	81	1
21800	0	0
21800	1	11
21800	2	3
21800	81	1
21900	0	0
21900	1	21
21900	2	6
21900	3	1
21900	4	1
21900	76	1
22000	0	0
22000	1	27
22000	3	2
22000	4	1
22000	7	1
22000	70	1
22100	0	0
22100	1	17
22100	3	1
22100	4	2
22100	75	1
22200	0	0
22200	1	22
22200	2	3
22200	3	2
22200	78	1
22300	0	0
22300	1	30
22300	2	5
22300	81	1
22400	0	0
22400	1	18
22400	2	3
22400	4	1
22400	80	1
22500	0	0
22500	1	24
22500	2	3
22500	3	1
22500	75	1
22600	0	0
22600	1	24
22600	2	3
22600	3	2
22600	4	2
22600	5	1
22600	70	1
22700	0	0
22700	1	21
22700	2	5
22700	6	1
22700	76	1
22800	0	0
22800	1	16
22800	2	3
22800	73	1
22900	0	0
22900	1	19
22900	2	3
22900	4	1
22900	74	1
23000	0	0
23000	1	18
23000	2	2
23000	3	3
23000	4	1
23000	13	1
23000	73	1
23100	0	0
23100	1	29
23100	2	4
23100	4	1
23100	5	1
23100	9	1
23100	76	1
23200	0	0
23200	1	30
23200	2	7
23200	78	1
23300	0	0
23300	1	30
23300	2	4
23300	8	1
23300	80	1
23400	0	0
23400	1	31
23400	2	3
23400	3	3
23400	81	1
23500	0	0
23500	1	18
23500	2	2
23500	3	3
23500	4	1
23500	79	1
23600	0	0
23600	1	25
23600	2	2
23600	3	2
23600	79	1
23700	0	0
23700	1	18
23700	2	5
23700	3	1
23700	76	1
23800	0	0
23800	1	19
23800	2	5
23800	3	2
23800	72	1
23900	0	0
23900	1	21
23900	2	7
23900	3	1
23900	4	1
23900	5	1
23900	84	1
24000	0	0
24000	1	21
24000	2	2
24000	4	2
24000	80	1
24100	0	0
24100	1	20
24100	2	2
24100	3	1
24100	4	1
24100	81	1
24200	0	0
24200	1	21
24200	2	9
24200	3	3
24200	6	1
24200	88	1
24300	0	0
24300	1	20
24300	2	3
24300	76	1
24400	0	0
24400	1	20
24400	2	2
24400	70	1
24500	0	0
24500	1	32
24500	2	2
24500	82	1
24600	0	0
24600	1	19
24600	2	3
24600	3	2
24600	86	1
24700	0	0
24700	1	18
24700	2	3
24700	3	1
24700	76	1
24800	0	0
24800	1	25
24800	2	5
24800	7	1
24800	71	1
24900	0	0
24900	1	31
24900	2	8
24900	3	2
24900	74	1
25000	0	0
25000	1	32
25000	2	3
25000	3	1
25000	76	1
25100	0	0
25100	1	20
25100	2	2
25100	3	2
25100	4	1
25100	88	1
25200	0	0
25200	1	19
25200	2	2
25200	3	1
25200	4	1
25200	80	1
25300	0	0
25300	1	21
25300	2	3
25300	3	2
25300	70	1
25400	0	0
25400	1	13
25400	2	2
25400	76	1
25500	0	0
25500	1	22
25500	2	5
25500	5	2
25500	71	1
25600	0	0
25600	1	25
25600	2	6
25600	3	1
25600	4	1
25600	6	1
25600	77	1
25700	0	0
25700	1	31
25700	2	3
25700	3	1
25700	78	1
25800	0	0
25800	1	24
25800	2	2
25800	4	1
25800	82	1
25900	0	0
25900	1	20
25900	2	6
25900	4	1
25900	82	1
26000	0	0
26000	1	24
26000	2	7
26000	3	1
26000	71	1
26100	0	0
26100	1	14
26100	2	3
26100	3	1
26100	85	1
26200	0	0
26200	1	11
26200	2	4
26200	80	1
26300	0	0
26300	1	13
26300	2	3
26300	4	1
26300	79	1
26400	0	0
26400	1	22
26400	2	7
26400	3	1
26400	79	1
26500	0	0
26500	1	16
26500	2	3
26500	3	1
26500	74	1
26600	0	0
26600	1	27
26600	2	6
26600	71	1
26700	0	0
26700	1	22
26700	2	1
26700	3	1
26700	88	1
26800	0	0
26800	1	23
26800	2	1
26800	3	1
26800	9	1
26800	74	1
26900	0	0
26900	1	16
26900	2	2
26900	3	2
26900	6	2
26900	9	1
26900	76	1
27000	0	0
27000	1	20
27000	2	4
27000	75	1
27100	0	0
27100	1	13
27100	2	4
27100	77	1
27200	0	0
27200	1	12
27200	2	1
27200	81	1
27300	0	0
27300	1	20
27300	2	3
27300	3	1
27300	74	1
27400	0	0
27400	1	18
27400	2	7
27400	3	2
27400	78	1
27500	0	0
27500	1	15
27500	2	5
27500	3	2
27500	5	1
27500	77	1
27600	0	0
27600	1	23
27600	2	9
27600	3	2
27600	4	1
27600	78	1
27700	0	0
27700	1	23
27700	2	3
27700	3	6
27700	5	1
27700	75	1
27800	0	0
27800	1	19
27800	2	4
27800	3	1
27800	4	1
27800	6	1
27800	78	1
27900	0	0
27900	1	30
27900	2	5
27900	3	3
27900	4	1
27900	71	1
28000	0	0
28000	1	22
28000	2	4
28000	3	1
28000	71	1
28100	0	0
28100	1	18
28100	2	1
28100	4	1
28100	81	1
28200	0	0
28200	1	21
28200	2	1
28200	75	1
28300	0	0
28300	1	20
28300	2	1
28300	3	1
28300	76	1
28400	0	0
28400	1	14
28400	2	5
28400	73	1
28500	0	0
28500	1	21
28500	2	5
28500	3	1
28500	5	1
28500	72	1
28600	0	0
28600	1	25
28600	2	6
28600	3	2
28600	70	1
28700	0	0
28700	1	26
28700	2	7
28700	83	1
28800	0	0
28800	1	25
28800	2	2
28800	3	1
28800	4	1
28800	79	1
28900	0	0
28900	1	21
28900	2	1
28900	3	1
28900	78	1
29000	0	0
29000	1	21
29000	2	1
29000	3	1
29000	78	1
29100	0	0
29100	1	22
29100	2	1
29100	79	1
29200	0	0
29200	1	15
29200	2	4
29200	4	1
29200	90	1
29300	0	0
29300	1	27
29300	2	4
29300	6	1
29300	15	1
29300	86	1
29400	0	0
29400	1	16
29400	2	4
29400	6	1
29400	81	1
29500	0	0
29500	1	22
29500	2	5
29500	74	1
29600	0	0
29600	1	26
29600	2	1
29600	3	1
29600	74	1
29700	0	0
29700	1	19
29700	2	4
29700	3	4
29700	4	1
29700	5	1
29700	70	1
29800	0	0
29800	1	17
29800	2	7
29800	71	1
29900	0	0
29900	1	19
29900	75	1
30000	0	0
30000	1	19
30000	75	1
30100	0	0
30100	1	19
30100	75	1
30200	0	0
30200	1	22
30200	2	2
30200	3	1
30200	74	1
30300	0	0
30300	1	21
30300	2	6
30300	3	2
30300	4	1
30300	81	1
30400	0	0
30400	1	13
30400	2	1
30400	8	1
30400	78	1
30500	0	0
30500	1	17
30500	2	4
30500	3	3
30500	75	1
30600	0	0
30600	1	28
30600	2	4
30600	79	1
30700	0	0
30700	1	18
30700	2	1
30700	4	1
30700	76	1
30800	0	0
30800	1	19
30800	2	3
30800	7	1
30800	74	1
30900	0	0
30900	1	17
30900	2	4
30900	7	1
30900	75	1
31000	0	0
31000	1	14
31000	2	5
31000	71	1
31100	0	0
31100	1	14
31100	2	5
31100	3	1
31100	76	1
31200	0	0
31200	1	14
31200	2	5
31200	3	1
31200	76	1
31300	0	0
31300	1	20
31300	2	1
31300	3	3
31300	77	1
31400	0	0
31400	1	19
31400	2	3
31400	3	1
31400	5	1
31400	71	1
31500	0	0
31500	1	22
31500	2	1
31500	5	1
31500	15	1
31500	72	1
31600	0	0
31600	1	31
31600	2	6
31600	73	1
31700	0	0
31700	1	21
31700	2	3
31700	3	1
31700	4	3
31700	5	1
31700	6	1
31700	70	1
31800	0	0
31800	1	19
31800	2	7
31800	89	1
31900	0	0
31900	1	18
31900	2	4
31900	3	2
31900	80	1
32000	0	0
32000	1	22
32000	2	3
32000	3	1
32000	80	1
32100	0	0
32100	1	14
32100	2	1
32100	73	1
32200	0	0
32200	1	18
32200	2	3
32200	73	1
32300	0	0
32300	1	25
32300	2	4
32300	76	1
32400	0	0
32400	1	21
32400	2	2
32400	4	2
32400	9	1
32400	76	1
32500	0	0
32500	1	17
32500	2	5
32500	4	2
32500	86	1
32600	0	0
32600	1	20
32600	2	4
32600	3	1
32600	6	1
32600	77	1
32700	0	0
32700	1	13
32700	2	3
32700	3	1
32700	78	1
32800	0	0
32800	1	28
32800	2	3
32800	4	1
32800	73	1
32900	0	0
32900	1	22
32900	2	5
32900	3	1
32900	5	1
32900	70	1
33000	0	0
33000	1	21
33000	2	7
33000	3	2
33000	73	1
33100	0	0
33100	1	20
33100	2	3
33100	3	1
33100	4	1
33100	8	1
33100	84	1
33200	0	0
33200	1	25
33200	2	5
33200	89	1
33300	0	0
33300	1	27
33300	2	3
33300	3	2
33300	70	1
33400	0	0
33400	1	23
33400	2	6
33400	79	1
33500	0	0
33500	1	16
33500	2	3
33500	71	1
33600	0	0
33600	1	24
33600	2	1
33600	79	1
33700	0	0
33700	1	13
33700	2	5
33700	3	1
33700	4	2
33700	74	1
33800	0	0
33800	1	20
33800	2	3
33800	3	1
33800	4	1
33800	5	1
33800	74	1
33900	0	0
33900	1	29
33900	2	6
33900	3	1
33900	5	1
33900	81	1
34000	0	0
34000	1	16
34000	2	2
34000	7	1
34000	75	1
34100	0	0
34100	1	20
34100	2	1
34100	3	3
34100	6	1
34100	8	1
34100	72	1
34200	0	0
34200	1	24
34200	2	4
34200	3	1
34200	4	1
34200	10	1
34200	86	1
34300	0	0
34300	1	21
34300	2	6
34300	3	1
34300	7	1
34300	72	1
34400	0	0
34400	1	21
34400	2	4
34400	3	1
34400	7	1
34400	71	1
34500	0	0
34500	1	34
34500	2	6
34500	17	1
34500	75	1
34600	0	0
34600	1	27
34600	2	9
34600	3	1
34600	15	1
34600	88	1
34700	0	0
34700	1	19
34700	2	4
34700	3	1
34700	4	3
34700	90	1
34800	0	0
34800	1	27
34800	2	6
34800	4	1
34800	11	1
34800	90	1
34900	0	0
34900	1	19
34900	2	5
34900	3	1
34900	5	1
34900	71	1
35000	0	0
35000	1	29
35000	2	3
35000	3	1
35000	73	1
35100	0	0
35100	1	27
35100	2	6
35100	3	3
35100	81	1
35200	0	0
35200	1	23
35200	2	3
35200	3	2
35200	4	1
35200	5	1
35200	90	1
35300	0	0
35300	1	17
35300	2	2
35300	79	1
35400	0	0
35400	1	16
35400	2	2
35400	3	1
35400	90	1
35500	0	0
35500	1	18
35500	2	3
35500	3	2
35500	77	1
35600	0	0
35600	1	15
35600	2	3
35600	3	1
35600	77	1
35700	0	0
35700	1	18
35700	2	5
35700	3	1
35700	4	1
35700	7	1
35700	84	1
35800	0	0
35800	1	22
35800	2	4
35800	71	1
35900	0	0
35900	1	26
35900	2	3
35900	82	1
36000	0	0
36000	1	18
36000	2	5
36000	3	2
36000	70	1
36100	0	0
36100	1	29
36100	2	5
36100	74	1
36200	0	0
36200	1	18
36200	2	3
36200	3	2
36200	4	2
36200	76	1
36300	0	0
36300	1	22
36300	2	2
36300	3	2
36300	71	1
36400	0	0
36400	1	17
36400	2	4
36400	3	3
36400	70	1
36500	0	0
36500	1	30
36500	2	7
36500	3	1
36500	6	1
36500	71	1
36600	0	0
36600	1	22
36600	2	5
36600	3	2
36600	4	1
36600	78	1
36700	0	0
36700	1	10
36700	2	5
36700	3	1
36700	88	1
36800	0	0
36800	1	28
36800	2	4
36800	3	1
36800	75	1
36900	0	0
36900	1	23
36900	2	3
36900	89	1
37000	0	0
37000	1	17
37000	2	3
37000	3	1
37000	5	1
37000	72	1
37100	0	0
37100	1	15
37100	2	1
37100	5	1
37100	9	1
37100	86	1
37200	0	0
37200	1	20
37200	2	6
37200	3	1
37200	74	1
37300	0	0
37300	1	20
37300	2	3
37300	3	1
37300	6	1
37300	79	1
37400	0	0
37400	1	24
37400	5	1
37400	8	1
37400	77	1
37500	0	0
37500	1	20
37500	2	3
37500	4	1
37500	72	1
37600	0	0
37600	1	15
37600	2	4
37600	3	1
37600	4	1
37600	71	1
37700	0	0
37700	1	24
37700	2	2
37700	3	2
37700	4	1
37700	6	1
37700	75	1
37800	0	0
37800	1	25
37800	2	2
37800	3	1
37800	4	1
37800	73	1
37900	0	0
37900	1	15
37900	2	5
37900	3	3
37900	5	1
37900	73	1
38000	0	0
38000	1	27
38000	2	3
38000	3	1
38000	77	1
38100	0	0
38100	1	25
38100	2	3
38100	85	1
38200	0	0
38200	1	15
38200	2	6
38200	3	1
38200	72	1
38300	0	0
38300	1	25
38300	4	1
38300	5	1
38300	10	1
38300	75	1
38400	0	0
38400	1	17
38400	2	4
38400	4	1
38400	88	1
38500	0	0
38500	1	18
38500	2	4
38500	5	1
38500	74	1
38600	0	0
38600	1	24
38600	2	4
38600	3	2
38600	75	1
38700	0	0
38700	1	26
38700	2	1
38700	3	1
38700	90	1
38800	0	0
38800	1	27
38800	2	4
38800	4	1
38800	76	1
38900	0	0
38900	1	23
38900	2	5
38900	3	1
38900	4	2
38900	89	1
39000	0	0
39000	1	21
39000	2	4
39000	3	1
39000	4	1
39000	6	1
39000	89	1
39100	0	0
39100	1	12
39100	2	1
39100	90	1
39200	0	0
39200	1	17
39200	2	6
39200	3	1
39200	4	1
39200	86	1
39300	0	0
39300	1	14
39300	2	3
39300	3	1
39300	88	1
39400	0	0
39400	1	23
39400	2	3
39400	3	3
39400	4	1
39400	79	1
39500	0	0
39500	1	24
39500	2	1
39500	73	1
39600	0	0
39600	1	16
39600	2	2
39600	79	1
39700	0	0
39700	1	18
39700	2	3
39700	73	1
39800	0	0
39800	1	12
39800	2	4
39800	4	1
39800	86	1
39900	0	0
39900	1	20
39900	2	2
39900	3	1
39900	7	1
39900	87	1
40000	0	0
40000	1	17
40000	2	3
40000	3	1
40000	5	1
40000	90	1
40100	0	0
40100	1	25
40100	86	1
40200	0	0
40200	1	25
40200	2	4
40200	3	1
40200	4	1
40200	5	1
40200	84	1
40300	0	0
40300	1	26
40300	2	5
40300	3	2
40300	5	1
40300	70	1
40400	0	0
40400	1	24
40400	2	2
40400	71	1
40500	0	0
40500	1	24
40500	2	2
40500	71	1
40600	0	0
40600	1	24
40600	2	2
40600	71	1
40700	0	0
40700	1	18
40700	2	2
40700	79	1
40800	0	0
40800	1	21
40800	2	3
40800	3	1
40800	76	1
40900	0	0
40900	1	20
40900	2	2
40900	78	1
41000	0	0
41000	1	13
41000	2	2
41000	5	1
41000	87	1
41100	0	0
41100	1	20
41100	2	5
41100	3	1
41100	71	1
41200	0	0
41200	1	15
41200	2	3
41200	3	2
41200	4	1
41200	5	1
41200	76	1
41300	0	0
41300	1	18
41300	2	2
41300	3	1
41300	4	1
41300	5	1
41300	72	1
41400	0	0
41400	1	27
41400	2	2
41400	73	1
41500	0	0
41500	1	28
41500	2	3
41500	3	1
41500	4	1
41500	76	1
41600	0	0
41600	1	25
41600	2	3
41600	3	1
41600	71	1
41700	0	0
41700	1	22
41700	2	5
41700	3	1
41700	76	1
41800	0	0
41800	1	24
41800	2	4
41800	3	1
41800	78	1
41900	0	0
41900	1	18
41900	2	4
41900	3	2
41900	75	1
42000	0	0
42000	1	21
42000	2	6
42000	3	1
42000	6	1
42000	87	1
42100	0	0
42100	1	13
42100	2	4
42100	80	1
42200	0	0
42200	1	16
42200	2	4
42200	83	1
42300	0	0
42300	1	21
42300	2	2
42300	3	2
42300	4	2
42300	86	1
42400	0	0
42400	1	18
42400	2	1
42400	3	1
42400	73	1
42500	0	0
42500	1	17
42500	2	1
42500	4	1
42500	79	1
42600	0	0
42600	1	22
42600	2	1
42600	71	1
42700	0	0
42700	1	30
42700	2	3
42700	3	1
42700	81	1
42800	0	0
42800	1	25
42800	2	7
42800	76	1
42900	0	0
42900	1	24
42900	2	3
42900	4	1
42900	7	1
42900	12	1
42900	88	1
43000	0	0
43000	1	20
43000	2	3
43000	8	2
43000	76	1
43100	0	0
43100	1	15
43100	2	2
43100	78	1
43200	0	0
43200	1	26
43200	2	7
43200	3	2
43200	5	1
43200	89	1
43300	0	0
43300	1	40
43300	2	5
43300	3	2
43300	4	1
43300	71	1
43400	0	0
43400	1	21
43400	2	1
43400	4	1
43400	87	1
43500	0	0
43500	1	16
43500	2	3
43500	75	1
43600	0	0
43600	1	22
43600	2	6
43600	3	3
43600	6	1
43600	79	1
43700	0	0
43700	1	26
43700	2	3
43700	3	1
43700	77	1
43800	0	0
43800	1	17
43800	2	1
43800	83	1
43900	0	0
43900	1	23
43900	2	7
43900	3	1
43900	74	1
44000	0	0
44000	1	21
44000	2	1
44000	75	1
44100	0	0
44100	1	17
44100	2	7
44100	3	1
44100	5	1
44100	84	1
44200	0	0
44200	1	26
44200	2	3
44200	3	1
44200	70	1
44300	0	0
44300	1	26
44300	2	3
44300	3	1
44300	70	1
44400	0	0
44400	1	14
44400	2	4
44400	3	2
44400	77	1
44500	0	0
44500	1	24
44500	2	3
44500	78	1
44600	0	0
44600	1	14
44600	2	4
44600	3	3
44600	71	1
44700	0	0
44700	1	28
44700	2	3
44700	3	3
44700	4	1
44700	70	1
44800	0	0
44800	1	29
44800	2	3
44800	3	3
44800	4	1
44800	70	1
44900	0	0
44900	1	23
44900	2	2
44900	3	1
44900	4	1
44900	72	1
45000	0	0
45000	1	15
45000	2	2
45000	3	1
45000	4	1
45000	5	1
45000	78	1
45100	0	0
45100	1	21
45100	2	2
45100	3	1
45100	81	1
45200	0	0
45200	1	18
45200	2	3
45200	3	2
45200	72	1
45300	0	0
45300	1	25
45300	2	3
45300	3	2
45300	75	1
45400	0	0
45400	1	19
45400	2	4
45400	5	1
45400	71	1
45500	0	0
45500	1	25
45500	2	5
45500	79	1
45600	0	0
45600	1	19
45600	2	4
45600	73	1
45700	0	0
45700	1	27
45700	2	2
45700	3	1
45700	4	1
45700	5	1
45700	78	1
45800	0	0
45800	1	21
45800	2	4
45800	6	1
45800	74	1
45900	0	0
45900	1	20
45900	2	5
45900	3	2
45900	70	1
46000	0	0
46000	1	21
46000	2	2
46000	3	1
46000	73	1
46100	0	0
46100	1	22
46100	2	7
46100	3	2
46100	4	1
46100	9	1
46100	82	1
46200	0	0
46200	1	13
46200	2	2
46200	3	1
46200	4	1
46200	6	1
46200	82	1
46300	0	0
46300	1	25
46300	2	2
46300	5	2
46300	8	1
46300	74	1
46400	0	0
46400	1	16
46400	2	3
46400	3	1
46400	88	1
46500	0	0
46500	1	22
46500	2	2
46500	3	2
46500	7	1
46500	75	1
46600	0	0
46600	1	17
46600	2	3
46600	76	1
46700	0	0
46700	1	18
46700	2	5
46700	3	1
46700	90	1
46800	0	0
46800	1	27
46800	2	8
46800	70	1
46900	0	0
46900	1	19
46900	2	1
46900	3	2
46900	75	1
47000	0	0
47000	1	19
47000	2	6
47000	3	1
47000	5	1
47000	72	1
47100	0	0
47100	1	22
47100	2	2
47100	72	1
47200	0	0
47200	1	25
47200	2	1
47200	3	1
47200	78	1
47300	0	0
47300	1	36
47300	2	4
47300	5	1
47300	88	1
47400	0	0
47400	1	13
47400	2	4
47400	3	1
47400	4	1
47400	5	1
47400	19	1
47400	73	1
47500	0	0
47500	1	24
47500	2	3
47500	3	5
47500	4	2
47500	86	1
47600	0	0
47600	1	24
47600	2	6
47600	4	1
47600	8	1
47600	85	1
47700	0	0
47700	1	27
47700	2	8
47700	3	1
47700	4	2
47700	80	1
47800	0	0
47800	1	26
47800	2	4
47800	3	2
47800	6	1
47800	17	1
47800	72	1
47900	0	0
47900	1	16
47900	2	4
47900	80	1
48000	0	0
48000	1	15
48000	2	2
48000	3	1
48000	71	1
48100	0	0
48100	1	15
48100	2	2
48100	3	1
48100	71	1
48200	0	0
48200	1	26
48200	2	2
48200	3	1
48200	5	1
48200	71	1
48300	0	0
48300	1	26
48300	2	2
48300	3	1
48300	5	1
48300	71	1
48400	0	0
48400	1	19
48400	2	4
48400	3	1
48400	4	1
48400	78	1
48500	0	0
48500	1	15
48500	2	2
48500	3	1
48500	79	1
48600	0	0
48600	1	21
48600	2	3
48600	8	1
48600	80	1
48700	0	0
48700	1	21
48700	2	6
48700	3	1
48700	84	1
48800	0	0
48800	1	20
48800	2	6
48800	3	1
48800	75	1
48900	0	0
48900	1	24
48900	2	4
48900	85	1
49000	0	0
49000	1	28
49000	2	2
49000	74	1
49100	0	0
49100	1	19
49100	2	2
49100	3	4
49100	81	1
49200	0	0
49200	1	11
49200	2	6
49200	78	1
49300	0	0
49300	1	12
49300	2	6
49300	87	1
49400	0	0
49400	1	27
49400	2	3
49400	74	1
49500	0	0
49500	1	21
49500	2	3
49500	3	2
49500	4	1
49500	82	1
49600	0	0
49600	1	30
49600	2	3
49600	3	3
49600	4	1
49600	6	1
49600	77	1
49700	0	0
49700	1	19
49700	2	4
49700	3	1
49700	73	1
49800	0	0
49800	1	22
49800	2	5
49800	6	1
49800	76	1
49900	0	0
49900	1	11
49900	2	4
49900	72	1
50000	0	0
50000	1	20
50000	2	3
50000	3	3
50000	4	2
50000	11	1
50000	74	1
50100	0	0
50100	1	23
50100	2	2
50100	3	1
50100	4	1
50100	79	1
50200	0	0
50200	1	16
50200	2	2
50200	3	1
50200	4	1
50200	77	1
50300	0	0
50300	1	11
50300	2	2
50300	3	1
50300	78	1
50400	0	0
50400	1	19
50400	2	6
50400	3	1
50400	84	1
50500	0	0
50500	1	17
50500	2	6
50500	73	1
50600	0	0
50600	1	18
50600	2	2
50600	3	1
50600	4	1
50600	78	1
50700	0	0
50700	1	18
50700	2	2
50700	4	1
50700	75	1
50800	0	0
50800	1	22
50800	2	4
50800	3	2
50800	5	1
50800	81	1
50900	0	0
50900	1	20
50900	2	5
50900	4	1
50900	6	1
50900	87	1
51000	0	0
51000	1	25
51000	2	3
51000	3	1
51000	4	1
51000	88	1
51100	0	0
51100	1	23
51100	2	5
51100	3	2
51100	4	1
51100	83	1
51200	0	0
51200	1	21
51200	2	3
51200	3	4
51200	78	1
51300	0	0
51300	1	16
51300	2	6
51300	3	1
51300	71	1
51400	0	0
51400	1	21
51400	2	4
51400	3	2
51400	73	1
51500	0	0
51500	1	23
51500	2	3
51500	3	2
51500	4	1
51500	76	1
51600	0	0
51600	1	16
51600	2	7
51600	70	1
51700	0	0
51700	1	18
51700	2	3
51700	3	2
51700	71	1
51800	0	0
51800	1	20
51800	2	4
51800	5	1
51800	21	1
51800	73	1
51900	0	0
51900	1	19
51900	2	3
51900	3	2
51900	87	1
52000	0	0
52000	1	38
52000	2	6
52000	3	2
52000	4	1
52000	88	1
52100	0	0
52100	1	25
52100	2	7
52100	3	4
52100	89	1
52200	0	0
52200	1	18
52200	2	3
52200	4	1
52200	9	1
52200	79	1
52300	0	0
52300	1	19
52300	2	8
52300	3	2
52300	5	1
52300	10	1
52300	70	1
52400	0	0
52400	1	17
52400	2	3
52400	3	2
52400	88	1
52500	0	0
52500	1	21
52500	2	1
52500	3	1
52500	70	1
52600	0	0
52600	1	19
52600	2	2
52600	3	2
52600	78	1
52700	0	0
52700	1	25
52700	2	5
52700	5	1
52700	10	1
52700	80	1
52800	0	0
52800	1	20
52800	2	2
52800	3	2
52800	74	1
52900	0	0
52900	1	18
52900	2	2
52900	3	1
52900	4	1
52900	6	1
52900	84	1
53000	0	0
53000	1	33
53000	2	5
53000	3	1
53000	6	1
53000	83	1
53100	0	0
53100	1	16
53100	2	1
53100	3	2
53100	73	1
53200	0	0
53200	1	28
53200	2	4
53200	79	1
53300	0	0
53300	1	25
53300	2	5
53300	3	2
53300	4	1
53300	7	1
53300	75	1
53400	0	0
53400	1	34
53400	2	7
53400	9	1
53400	90	1
53500	0	0
53500	1	20
53500	2	4
53500	4	1
53500	5	1
53500	75	1
53600	0	0
53600	1	23
53600	2	2
53600	3	1
53600	5	1
53600	74	1
53700	0	0
53700	1	21
53700	2	2
53700	76	1
53800	0	0
53800	1	11
53800	3	1
53800	80	1
53900	0	0
53900	1	17
53900	2	1
53900	3	2
53900	72	1
54000	0	0
54000	1	23
54000	2	4
54000	3	1
54000	5	1
54000	75	1
54100	0	0
54100	1	15
54100	2	4
54100	76	1
54200	0	0
54200	1	20
54200	2	2
54200	74	1
54300	0	0
54300	1	16
54300	2	3
54300	78	1
54400	0	0
54400	1	22
54400	2	6
54400	3	1
54400	11	1
54400	75	1
54500	0	0
54500	1	28
54500	2	5
54500	4	1
54500	72	1
54600	0	0
54600	1	30
54600	2	6
54600	88	1
54700	0	0
54700	1	22
54700	2	2
54700	3	1
54700	5	1
54700	75	1
54800	0	0
54800	1	26
54800	2	4
54800	3	1
54800	77	1
54900	0	0
54900	1	25
54900	2	4
54900	3	2
54900	75	1
55000	0	0
55000	1	26
55000	2	3
55000	3	1
55000	73	1
55100	0	0
55100	1	21
55100	2	2
55100	3	1
55100	5	1
55100	81	1
55200	0	0
55200	1	22
55200	2	2
55200	3	2
55200	89	1
55300	0	0
55300	1	26
55300	2	3
55300	5	1
55300	77	1
55400	0	0
55400	1	27
55400	2	5
55400	3	1
55400	4	1
55400	82	1
55500	0	0
55500	1	19
55500	2	4
55500	3	1
55500	80	1
55600	0	0
55600	1	17
55600	2	5
55600	80	1
55700	0	0
55700	1	17
55700	2	5
55700	80	1
55800	0	0
55800	1	30
55800	70	1
55900	0	0
55900	1	17
55900	2	5
55900	3	1
55900	72	1
56000	0	0
56000	1	28
56000	2	3
56000	85	1
56100	0	0
56100	1	24
56100	2	4
56100	4	1
56100	73	1
56200	0	0
56200	1	24
56200	2	5
56200	4	1
56200	90	1
56300	0	0
56300	1	24
56300	2	4
56300	3	2
56300	4	1
56300	6	1
56300	7	1
56300	81	1
56400	0	0
56400	1	23
56400	2	4
56400	6	1
56400	7	1
56400	81	1
56500	0	0
56500	1	19
56500	2	5
56500	3	1
56500	12	1
56500	71	1
56600	0	0
56600	1	25
56600	2	4
56600	4	1
56600	86	1
56700	0	0
56700	1	26
56700	2	8
56700	70	1
56800	0	0
56800	1	19
56800	2	6
56800	3	3
56800	4	1
56800	79	1
56900	0	0
56900	1	21
56900	2	4
56900	3	1
56900	4	1
56900	72	1
57000	0	0
57000	1	14
57000	2	3
57000	3	3
57000	79	1
57100	0	0
57100	1	17
57100	2	5
57100	75	1
57200	0	0
57200	1	20
57200	2	1
57200	75	1
57300	0	0
57300	1	11
57300	2	2
57300	71	1
57400	0	0
57400	1	13
57400	2	6
57400	3	1
57400	4	2
57400	74	1
57500	0	0
57500	1	19
57500	2	3
57500	73	1
57600	0	0
57600	1	19
57600	2	3
57600	73	1
57700	0	0
57700	1	20
57700	2	6
57700	3	1
57700	4	1
57700	70	1
57800	0	0
57800	1	25
57800	2	3
57800	3	1
57800	4	1
57800	83	1
57900	0	0
57900	1	24
57900	2	5
57900	5	1
57900	82	1
58000	0	0
58000	1	25
58000	2	2
58000	5	1
58000	74	1
58100	0	0
58100	1	26
58100	2	2
58100	75	1
58200	0	0
58200	1	16
58200	2	6
58200	4	1
58200	71	1
58300	0	0
58300	1	20
58300	2	4
58300	3	1
58300	4	1
58300	75	1
58400	0	0
58400	1	21
58400	2	1
58400	78	1
58500	0	0
58500	1	18
58500	2	4
58500	72	1
58600	0	0
58600	1	18
58600	2	4
58600	72	1
58700	0	0
58700	1	26
58700	2	2
58700	3	1
58700	70	1
58800	0	0
58800	1	26
58800	2	2
58800	3	1
58800	70	1
58900	0	0
58900	1	26
58900	2	2
58900	3	1
58900	70	1
59000	0	0
59000	1	10
59000	2	3
59000	3	1
59000	72	1
59100	0	0
59100	1	15
59100	2	4
59100	3	1
59100	70	1
59200	0	0
59200	1	16
59200	2	6
59200	3	1
59200	5	1
59200	72	1
59300	0	0
59300	1	29
59300	2	2
59300	74	1
59400	0	0
59400	1	29
59400	2	2
59400	74	1
59500	0	0
59500	1	23
59500	2	5
59500	4	1
59500	5	1
59500	77	1
59600	0	0
59600	1	21
59600	2	1
59600	72	1
59700	0	0
59700	1	15
59700	2	4
59700	3	1
59700	4	2
59700	7	1
59700	76	1
59800	0	0
59800	1	18
59800	2	5
59800	71	1
59900	0	0
59900	1	21
59900	2	2
59900	74	1
60000	0	0
60000	1	18
60000	2	2
60000	3	1
60000	4	1
60000	9	1
60000	73	1
60100	0	0
60100	1	24
60100	2	5
60100	3	3
60100	72	1
60200	0	0
60200	1	15
60200	2	5
60200	86	1
60300	0	0
60300	1	21
60300	2	4
60300	3	1
60300	70	1
60400	0	0
60400	1	17
60400	2	3
60400	89	1
60500	0	0
60500	1	14
60500	2	5
60500	82	1
60600	0	0
60600	1	17
60600	2	3
60600	4	1
60600	88	1
60700	0	0
60700	1	25
60700	2	6
60700	73	1
60800	0	0
60800	1	14
60800	2	7
60800	81	1
60900	0	0
60900	1	16
60900	2	2
60900	3	1
60900	86	1
61000	0	0
61000	1	15
61000	2	6
61000	3	1
61000	7	1
61000	78	1
61100	0	0
61100	1	27
61100	2	10
61100	3	3
61100	6	1
61100	89	1
61200	0	0
61200	1	32
61200	2	6
61200	3	3
61200	73	1
61300	0	0
61300	1	21
61300	2	3
61300	4	1
61300	79	1
61400	0	0
61400	1	28
61400	2	3
61400	3	2
61400	5	1
61400	8	1
61400	11	1
61400	77	1
61500	0	0
61500	1	16
61500	2	1
61500	3	1
61500	4	2
61500	6	1
61500	70	1
61600	0	0
61600	1	25
61600	2	2
61600	3	1
61600	4	1
61600	83	1
61700	0	0
61700	1	19
61700	2	1
61700	3	1
61700	76	1
61800	0	0
61800	1	26
61800	2	2
61800	3	2
61800	5	1
61800	70	1
61900	0	0
61900	1	24
61900	2	5
61900	3	2
61900	74	1
62000	0	0
62000	1	24
62000	2	4
62000	87	1
62100	0	0
62100	1	27
62100	2	5
62100	3	1
62100	4	1
62100	70	1
62200	0	0
62200	1	25
62200	2	7
62200	5	1
62200	88	1
62300	0	0
62300	1	31
62300	2	3
62300	3	2
62300	4	2
62300	89	1
62400	0	0
62400	1	18
62400	2	5
62400	3	1
62400	84	1
62500	0	0
62500	1	24
62500	2	7
62500	3	2
62500	73	1
62600	0	0
62600	1	16
62600	2	3
62600	3	2
62600	81	1
62700	0	0
62700	1	21
62700	2	6
62700	77	1
62800	0	0
62800	1	32
62800	2	3
62800	3	2
62800	6	2
62800	86	1
62900	0	0
62900	1	36
62900	2	3
62900	3	5
62900	4	1
62900	75	1
63000	0	0
63000	1	24
63000	2	5
63000	4	2
63000	6	1
63000	14	1
63000	83	1
63100	0	0
63100	1	22
63100	2	4
63100	3	2
63100	90	1
63200	0	0
63200	1	31
63200	2	9
63200	75	1
63300	0	0
63300	1	13
63300	2	3
63300	3	1
63300	6	1
63300	70	1
63400	0	0
63400	1	20
63400	2	5
63400	4	1
63400	75	1
63500	0	0
63500	1	24
63500	2	1
63500	75	1
63600	0	0
63600	1	20
63600	2	8
63600	4	1
63600	18	1
63600	86	1
63700	0	0
63700	1	24
63700	2	4
63700	6	1
63700	82	1
63800	0	0
63800	1	20
63800	2	1
63800	3	1
63800	5	1
63800	6	2
63800	89	1
63900	0	0
63900	1	23
63900	3	2
63900	5	1
63900	89	1
64000	0	0
64000	1	22
64000	2	5
64000	3	3
64000	4	1
64000	90	1
64100	0	0
64100	1	32
64100	2	5
64100	3	2
64100	16	1
64100	73	1
64200	0	0
64200	1	21
64200	2	1
64200	3	2
64200	4	1
64200	5	1
64200	71	1
64300	0	0
64300	1	16
64300	2	2
64300	3	2
64300	75	1
64400	0	0
64400	1	21
64400	2	4
64400	3	2
64400	4	1
64400	73	1
64500	0	0
64500	1	21
64500	2	3
64500	3	6
64500	4	1
64500	77	1
64600	0	0
64600	1	20
64600	3	1
64600	5	1
64600	88	1
64700	0	0
64700	1	24
64700	2	6
64700	3	1
64700	5	1
64700	80	1
64800	0	0
64800	1	24
64800	2	2
64800	77	1
64900	0	0
64900	1	26
64900	2	3
64900	3	3
64900	75	1
65000	0	0
65000	1	13
65000	2	2
65000	3	2
65000	71	1
65100	0	0
65100	1	13
65100	2	2
65100	3	2
65100	71	1
65200	0	0
65200	1	16
65200	2	3
65200	3	2
65200	71	1
65300	0	0
65300	1	19
65300	2	1
65300	72	1
65400	0	0
65400	1	23
65400	2	2
65400	3	1
65400	83	1
65500	0	0
65500	1	31
65500	2	2
65500	4	1
65500	71	1
65600	0	0
65600	1	26
65600	2	1
65600	3	1
65600	73	1
65700	0	0
65700	1	20
65700	2	5
65700	4	1
65700	74	1
65800	0	0
65800	1	29
65800	2	2
65800	6	1
65800	86	1
65900	0	0
65900	1	22
65900	2	4
65900	4	1
65900	5	1
65900	8	1
65900	72	1
66000	0	0
66000	1	16
66000	2	4
66000	3	2
66000	4	1
66000	88	1
66100	0	0
66100	1	13
66100	2	3
66100	3	1
66100	5	1
66100	77	1
66200	0	0
66200	1	22
66200	2	1
66200	7	1
66200	82	1
66300	0	0
66300	1	20
66300	2	4
66300	3	1
66300	88	1
66400	0	0
66400	1	26
66400	2	3
66400	3	2
66400	4	1
66400	83	1
66500	0	0
66500	1	28
66500	2	4
66500	4	1
66500	86	1
66600	0	0
66600	1	22
66600	2	4
66600	3	2
66600	4	1
66600	71	1
66700	0	0
66700	1	22
66700	2	5
66700	3	1
66700	80	1
66800	0	0
66800	1	17
66800	2	4
66800	3	2
66800	73	1
66900	0	0
66900	1	24
66900	2	2
66900	3	1
66900	4	2
66900	73	1
67000	0	0
67000	1	20
67000	2	5
67000	72	1
67100	0	0
67100	1	27
67100	2	3
67100	70	1
67200	0	0
67200	1	27
67200	2	3
67200	70	1
67300	0	0
67300	1	19
67300	2	1
67300	4	1
67300	72	1
67400	0	0
67400	1	19
67400	2	1
67400	4	1
67400	72	1
67500	0	0
67500	1	19
67500	2	1
67500	4	1
67500	72	1
67600	0	0
67600	1	19
67600	2	1
67600	4	1
67600	72	1
67700	0	0
67700	1	19
67700	2	1
67700	4	1
67700	72	1
67800	0	0
67800	1	19
67800	2	1
67800	4	1
67800	72	1
67900	0	0
67900	1	19
67900	2	1
67900	4	1
67900	72	1
68000	0	0
68000	1	19
68000	2	1
68000	4	1
68000	72	1
68100	0	0
68100	1	26
68100	2	3
68100	4	2
68100	80	1
68200	0	0
68200	1	23
68200	2	4
68200	80	1
68300	0	0
68300	1	23
68300	2	4
68300	80	1
68400	0	0
68400	1	23
68400	2	4
68400	80	1
68500	0	0
68500	1	23
68500	2	4
68500	80	1
68600	0	0
68600	1	23
68600	2	9
68600	6	1
68600	75	1
68700	0	0
68700	1	15
68700	2	8
68700	75	1
68800	0	0
68800	1	20
68800	2	3
68800	71	1
68900	0	0
68900	1	22
68900	2	3
68900	71	1
69000	0	0
69000	1	19
69000	2	4
69000	3	1
69000	81	1
69100	0	0
69100	1	20
69100	2	5
69100	75	1
69200	0	0
69200	1	20
69200	2	2
69200	3	2
69200	72	1
69300	0	0
69300	1	14
69300	2	3
69300	3	1
69300	75	1
69400	0	0
69400	1	14
69400	2	3
69400	3	1
69400	75	1
69500	0	0
69500	1	23
69500	2	2
69500	3	1
69500	72	1
69600	0	0
69600	1	27
69600	2	4
69600	3	1
69600	78	1
69700	0	0
69700	1	27
69700	2	2
69700	3	1
69700	71	1
69800	0	0
69800	1	27
69800	2	2
69800	3	1
69800	71	1
69900	0	0
69900	1	17
69900	2	5
69900	4	1
69900	72	1
70000	0	0
70000	1	16
70000	2	8
70000	80	1
70100	0	0
70100	1	30
70100	2	3
70100	5	1
70100	80	1
70200	0	0
70200	1	20
70200	2	1
70200	4	1
70200	73	1
70300	0	0
70300	1	19
70300	2	3
70300	86	1
70400	0	0
70400	1	24
70400	2	4
70400	3	1
70400	4	1
70400	72	1
70500	0	0
70500	1	23
70500	2	7
70500	3	2
70500	70	1
70600	0	0
70600	1	27
70600	2	1
70600	3	2
70600	4	1
70600	6	1
70600	73	1
70700	0	0
70700	1	26
70700	2	2
70700	3	1
70700	71	1
70800	0	0
70800	1	17
70800	2	4
70800	3	2
70800	4	1
70800	85	1
70900	0	0
70900	1	17
70900	2	6
70900	72	1
71000	0	0
71000	1	17
71000	2	1
71000	75	1
71100	0	0
71100	1	18
71100	2	7
71100	3	1
71100	85	1
71200	0	0
71200	1	25
71200	2	4
71200	5	1
71200	10	1
71200	12	1
71200	89	1
71300	0	0
71300	1	21
71300	2	3
71300	3	4
71300	4	1
71300	32	1
71300	75	1
71400	0	0
71400	1	20
71400	2	3
71400	3	2
71400	11	1
71400	89	1
71500	0	0
71500	1	21
71500	2	3
71500	3	1
71500	6	1
71500	7	1
71500	72	1
71600	0	0
71600	1	22
71600	3	4
71600	4	1
71600	5	1
71600	7	1
71600	13	1
71600	73	1
71700	0	0
71700	1	25
71700	2	3
71700	12	1
71700	74	1
71800	0	0
71800	1	21
71800	2	2
71800	14	1
71800	72	1
71900	0	0
71900	1	23
71900	2	6
71900	3	1
71900	6	1
71900	70	1
72000	0	0
72000	1	32
72000	2	2
72000	3	1
72000	4	2
72000	74	1
72100	0	0
72100	1	28
72100	2	3
72100	3	1
72100	79	1
72200	0	0
72200	1	22
72200	2	2
72200	75	1
72300	0	0
72300	1	20
72300	2	3
72300	77	1
72400	0	0
72400	1	14
72400	2	2
72400	4	1
72400	73	1
72500	0	0
72500	1	19
72500	3	1
72500	80	1
72600	0	0
72600	1	21
72600	2	4
72600	3	1
72600	5	1
72600	75	1
72700	0	0
72700	1	20
72700	2	3
72700	3	2
72700	72	1
72800	0	0
72800	1	31
72800	2	2
72800	3	1
72800	4	1
72800	71	1
72900	0	0
72900	1	18
72900	2	2
72900	3	2
72900	78	1
73000	0	0
73000	1	20
73000	2	4
73000	3	1
73000	72	1
73100	0	0
73100	1	28
73100	2	2
73100	3	1
73100	78	1
73200	0	0
73200	1	28
73200	2	1
73200	3	4
73200	88	1
73300	0	0
73300	1	22
73300	2	5
73300	3	1
73300	88	1
73400	0	0
73400	1	31
73400	2	8
73400	7	1
73400	83	1
73500	0	0
73500	1	23
73500	2	2
73500	5	1
73500	74	1
73600	0	0
73600	1	17
73600	2	2
73600	78	1
73700	0	0
73700	1	19
73700	2	4
73700	3	2
73700	88	1
73800	0	0
73800	1	20
73800	2	4
73800	5	1
73800	9	1
73800	88	1
73900	0	0
73900	1	29
73900	2	5
73900	3	1
73900	5	1
73900	7	1
73900	8	1
73900	83	1
74000	0	0
74000	1	21
74000	2	3
74000	3	1
74000	8	1
74000	78	1
74100	0	0
74100	1	21
74100	2	4
74100	3	1
74100	4	1
74100	88	1
74200	0	0
74200	1	19
74200	2	6
74200	9	1
74200	10	1
74200	71	1
74300	0	0
74300	1	26
74300	2	7
74300	3	2
74300	5	1
74300	82	1
74400	0	0
74400	1	20
74400	2	3
74400	75	1
74500	0	0
74500	1	10
74500	2	3
74500	70	1
74600	0	0
74600	1	11
74600	2	3
74600	70	1
74700	0	0
74700	1	17
74700	2	7
74700	72	1
74800	0	0
74800	1	17
74800	2	7
74800	72	1
74900	0	0
74900	1	18
74900	2	3
74900	24	1
74900	70	1
75000	0	0
75000	1	17
75000	2	2
75000	3	2
75000	8	1
75000	74	1
75100	0	0
75100	1	16
75100	2	2
75100	3	1
75100	4	1
75100	9	1
75100	81	1
75200	0	0
75200	1	27
75200	2	3
75200	87	1
75300	0	0
75300	1	24
75300	2	6
75300	4	1
75300	88	1
75400	0	0
75400	1	14
75400	2	1
75400	73	1
75500	0	0
75500	1	20
75500	2	3
75500	90	1
75600	0	0
75600	1	24
75600	2	3
75600	73	1
75700	0	0
75700	1	15
75700	70	1
75800	0	0
75800	1	22
75800	2	6
75800	4	1
75800	78	1
75900	0	0
75900	1	18
75900	2	2
75900	77	1
76000	0	0
76000	1	27
76000	2	2
76000	3	1
76000	74	1
76100	0	0
76100	1	23
76100	2	2
76100	4	1
76100	72	1
76200	0	0
76200	1	23
76200	2	4
76200	3	1
76200	73	1
76300	0	0
76300	1	25
76300	2	3
76300	3	2
76300	4	1
76300	70	1
76400	0	0
76400	1	20
76400	2	6
76400	7	1
76400	75	1
76500	0	0
76500	1	22
76500	2	5
76500	5	1
76500	89	1
76600	0	0
76600	1	19
76600	2	1
76600	5	1
76600	72	1
76700	0	0
76700	1	22
76700	2	5
76700	3	1
76700	73	1
76800	0	0
76800	1	29
76800	2	1
76800	83	1
76900	0	0
76900	1	19
76900	2	1
76900	3	2
76900	84	1
77000	0	0
77000	1	23
77000	2	5
77000	83	1
77100	0	0
77100	1	20
77100	2	2
77100	6	1
77100	87	1
77200	0	0
77200	1	18
77200	2	7
77200	3	1
77200	80	1
77300	0	0
77300	1	21
77300	2	4
77300	74	1
77400	0	0
77400	1	25
77400	2	3
77400	70	1
77500	0	0
77500	1	21
77500	74	1
77600	0	0
77600	1	14
77600	2	2
77600	3	1
77600	73	1
77700	0	0
77700	1	17
77700	2	4
77700	3	1
77700	82	1
77800	0	0
77800	1	20
77800	2	2
77800	4	1
77800	5	1
77800	82	1
77900	0	0
77900	1	24
77900	2	5
77900	3	3
77900	71	1
78000	0	0
78000	1	30
78000	2	2
78000	3	2
78000	75	1
78100	0	0
78100	1	21
78100	2	4
78100	6	1
78100	74	1
78200	0	0
78200	1	30
78200	2	6
78200	3	2
78200	81	1
78300	0	0
78300	1	23
78300	2	5
78300	3	2
78300	82	1
78400	0	0
78400	1	23
78400	2	4
78400	3	4
78400	4	1
78400	5	1
78400	6	1
78400	76	1
78500	0	0
78500	1	26
78500	2	6
78500	3	1
78500	5	1
78500	6	1
78500	71	1
78600	0	0
78600	1	28
78600	2	5
78600	3	1
78600	4	1
78600	78	1
78700	0	0
78700	1	28
78700	2	6
78700	3	1
78700	4	1
78700	74	1
78800	0	0
78800	1	28
78800	2	6
78800	3	1
78800	4	1
78800	74	1
78900	0	0
78900	1	29
78900	2	7
78900	85	1
79000	0	0
79000	1	22
79000	2	1
79000	3	1
79000	81	1
79100	0	0
79100	1	23
79100	2	2
79100	5	1
79100	83	1
79200	0	0
79200	1	24
79200	2	1
79200	70	1
79300	0	0
79300	1	30
79300	2	3
79300	7	1
79300	79	1
79400	0	0
79400	1	23
79400	2	5
79400	3	2
79400	76	1
79500	0	0
79500	1	18
79500	2	2
79500	4	1
79500	5	1
79500	81	1
79600	0	0
79600	1	29
79600	2	4
79600	73	1
79700	0	0
79700	1	12
79700	2	4
79700	74	1
79800	0	0
79800	1	34
79800	2	4
79800	3	1
79800	4	1
79800	9	1
79800	79	1
79900	0	0
79900	1	18
79900	2	2
79900	4	1
79900	6	2
79900	76	1
80000	0	0
80000	1	18
80000	2	6
80000	3	1
80000	71	1
80100	0	0
80100	1	19
80100	2	6
80100	3	1
80100	71	1
80200	0	0
80200	1	25
80200	2	2
80200	5	1
80200	71	1
80300	0	0
80300	1	14
80300	2	3
80300	3	1
80300	70	1
80400	0	0
80400	1	15
80400	2	3
80400	3	1
80400	81	1
80500	0	0
80500	1	14
80500	2	1
80500	6	1
80500	76	1
80600	0	0
80600	1	15
80600	2	7
80600	4	1
80600	85	1
80700	0	0
80700	1	24
80700	2	1
80700	74	1
80800	0	0
80800	1	24
80800	2	3
80800	3	1
80800	7	1
80800	74	1
80900	0	0
80900	1	14
80900	2	4
80900	72	1
81000	0	0
81000	1	14
81000	2	3
81000	74	1
81100	0	0
81100	1	28
81100	2	5
81100	3	1
81100	10	1
81100	82	1
81200	0	0
81200	1	30
81200	2	5
81200	3	2
81200	4	1
81200	82	1
81300	0	0
81300	1	23
81300	2	4
81300	3	1
81300	5	2
81300	71	1
81400	0	0
81400	1	19
81400	2	7
81400	3	1
81400	4	1
81400	5	2
81400	6	1
81400	83	1
81500	0	0
81500	1	25
81500	2	1
81500	75	1
81600	0	0
81600	1	27
81600	2	5
81600	3	1
81600	4	1
81600	78	1
81700	0	0
81700	1	19
81700	2	2
81700	4	1
81700	5	1
81700	77	1
81800	0	0
81800	1	25
81800	2	3
81800	3	1
81800	4	1
81800	83	1
81900	0	0
81900	1	14
81900	2	5
81900	74	1
82000	0	0
82000	1	20
82000	2	2
82000	6	1
82000	85	1
82100	0	0
82100	1	26
82100	2	6
82100	74	1
82200	0	0
82200	1	21
82200	2	1
82200	3	1
82200	74	1
82300	0	0
82300	1	20
82300	2	4
82300	3	2
82300	5	1
82300	70	1
82400	0	0
82400	1	20
82400	2	1
82400	3	4
82400	73	1
82500	0	0
82500	1	20
82500	2	8
82500	3	1
82500	6	1
82500	88	1
82600	0	0
82600	1	31
82600	2	3
82600	3	1
82600	4	1
82600	5	1
82600	72	1
82700	0	0
82700	1	17
82700	2	3
82700	4	1
82700	13	1
82700	74	1
82800	0	0
82800	1	18
82800	2	1
82800	3	1
82800	74	1
82900	0	0
82900	1	15
82900	2	2
82900	5	1
82900	80	1
83000	0	0
83000	1	22
83000	2	2
83000	3	1
83000	4	1
83000	70	1
83100	0	0
83100	1	25
83100	2	7
83100	4	2
83100	71	1
83200	0	0
83200	1	24
83200	2	1
83200	4	2
83200	6	1
83200	89	1
83300	0	0
83300	1	28
83300	2	6
83300	3	3
83300	4	2
83300	73	1
83400	0	0
83400	1	17
83400	2	5
83400	3	1
83400	4	2
83400	84	1
83500	0	0
83500	1	20
83500	2	4
83500	3	1
83500	71	1
83600	0	0
83600	1	20
83600	2	3
83600	3	3
83600	75	1
83700	0	0
83700	1	14
83700	2	2
83700	3	1
83700	86	1
83800	0	0
83800	1	22
83800	2	3
83800	74	1
83900	0	0
83900	1	23
83900	2	5
83900	3	3
83900	71	1
84000	0	0
84000	1	14
84000	2	2
84000	5	1
84000	73	1
84100	0	0
84100	1	22
84100	2	2
84100	4	1
84100	73	1
84200	0	0
84200	1	18
84200	2	4
84200	3	2
84200	5	1
84200	85	1
84300	0	0
84300	1	26
84300	2	5
84300	3	2
84300	75	1
84400	0	0
84400	1	28
84400	2	5
84400	3	1
84400	76	1
84500	0	0
84500	1	13
84500	2	2
84500	3	2
84500	4	2
84500	79	1
84600	0	0
84600	1	18
84600	2	2
84600	3	1
84600	79	1
84700	0	0
84700	1	21
84700	3	1
84700	75	1
84800	0	0
84800	1	20
84800	2	2
84800	3	1
84800	83	1
84900	0	0
84900	1	24
84900	2	1
84900	3	2
84900	4	1
84900	81	1
85000	0	0
85000	1	18
85000	2	3
85000	3	1
85000	79	1
85100	0	0
85100	1	20
85100	2	7
85100	3	1
85100	82	1
85200	0	0
85200	1	19
85200	2	5
85200	3	1
85200	73	1
85300	0	0
85300	1	13
85300	2	5
85300	80	1
85400	0	0
85400	1	18
85400	2	3
85400	3	1
85400	4	1
85400	75	1
85500	0	0
85500	1	30
85500	2	2
85500	3	2
85500	74	1
85600	0	0
85600	1	24
85600	2	2
85600	73	1
85700	0	0
85700	1	19
85700	2	3
85700	3	1
85700	74	1
85800	0	0
85800	1	17
85800	2	4
85800	3	2
85800	75	1
85900	0	0
85900	1	16
85900	2	4
85900	3	1
85900	5	1
85900	72	1
86000	0	0
86000	1	22
86000	2	4
86000	77	1
86100	0	0
86100	1	25
86100	2	3
86100	3	1
86100	4	1
86100	5	1
86100	89	1
86200	0	0
86200	1	18
86200	2	7
86200	3	2
86200	81	1
86300	0	0
86300	1	28
86300	2	8
86300	4	1
86300	87	1
86400	0	0
86400	1	23
86400	2	5
86400	3	3
86400	4	1
86400	77	1
86500	0	0
86500	1	20
86500	2	4
86500	3	3
86500	79	1
86600	0	0
86600	1	23
86600	2	4
86600	4	1
86600	70	1
86700	0	0
86700	1	28
86700	2	7
86700	4	1
86700	74	1
86800	0	0
86800	1	16
86800	2	5
86800	3	1
86800	4	1
86800	5	1
86800	71	1
86900	0	0
86900	1	21
86900	2	5
86900	4	1
86900	74	1
87000	0	0
87000	1	21
87000	2	5
87000	4	1
87000	74	1
87100	0	0
87100	1	21
87100	2	5
87100	4	1
87100	74	1
87200	0	0
87200	1	21
87200	2	5
87200	4	1
87200	74	1
87300	0	0
87300	1	21
87300	2	5
87300	4	1
87300	74	1
87400	0	0
87400	1	21
87400	2	5
87400	4	1
87400	74	1
87500	0	0
87500	1	21
87500	2	5
87500	4	1
87500	74	1
87600	0	0
87600	1	21
87600	2	5
87600	4	1
87600	74	1
87700	0	0
87700	1	21
87700	2	5
87700	4	1
87700	74	1
87800	0	0
87800	1	28
87800	2	3
87800	8	1
87800	75	1
87900	0	0
87900	1	28
87900	2	3
87900	8	1
87900	75	1
88000	0	0
88000	1	28
88000	2	3
88000	3	1
88000	4	1
88000	5	1
88000	22	1
88000	71	1
88100	0	0
88100	1	19
88100	2	7
88100	3	1
88100	11	1
88100	75	1
88200	0	0
88200	1	13
88200	2	2
88200	4	1
88200	7	1
88200	71	1
88300	0	0
88300	1	21
88300	2	6
88300	3	1
88300	4	1
88300	88	1
88400	0	0
88400	1	15
88400	2	5
88400	72	1
88500	0	0
88500	1	21
88500	2	5
88500	5	1
88500	80	1
88600	0	0
88600	1	15
88600	2	6
88600	6	1
88600	78	1
88700	0	0
88700	1	25
88700	2	3
88700	3	2
88700	78	1
88800	0	0
88800	1	13
88800	2	4
88800	4	1
88800	84	1
88900	0	0
88900	1	27
88900	2	2
88900	3	1
88900	4	1
88900	89	1
89000	0	0
89000	1	26
89000	2	6
89000	3	1
89000	4	1
89000	5	1
89000	6	1
89000	14	1
89000	84	1
89100	0	0
89100	1	32
89100	2	3
89100	3	2
89100	90	1
89200	0	0
89200	1	29
89200	2	8
89200	78	1
89300	0	0
89300	1	14
89300	2	3
89300	71	1
89400	0	0
89400	1	19
89400	2	4
89400	3	1
89400	71	1
89500	0	0
89500	1	17
89500	2	4
89500	73	1
89600	0	0
89600	1	10
89600	2	3
89600	3	2
89600	78	1
89700	0	0
89700	1	18
89700	2	2
89700	3	1
89700	11	1
89700	73	1
89800	0	0
89800	1	18
89800	2	3
89800	3	1
89800	71	1
89900	0	0
89900	1	20
89900	2	4
89900	6	1
89900	7	1
89900	80	1
90000	0	0
90000	1	23
90000	75	1
90100	0	0
90100	1	15
90100	2	4
90100	5	1
90100	70	1
90200	0	0
90200	1	11
90200	2	1
90200	3	1
90200	81	1
90300	0	0
90300	1	17
90300	2	2
90300	3	3
90300	4	1
90300	73	1
90400	0	0
90400	1	25
90400	2	2
90400	75	1
90500	0	0
90500	1	17
90500	2	4
90500	3	1
90500	80	1
90600	0	0
90600	1	24
90600	2	8
90600	81	1
90700	0	0
90700	1	21
90700	2	3
90700	4	1
90700	84	1
90800	0	0
90800	1	17
90800	2	2
90800	3	2
90800	82	1
90900	0	0
90900	1	23
90900	2	3
90900	3	1
90900	5	1
90900	80	1
91000	0	0
91000	1	14
91000	2	7
91000	71	1
91100	0	0
91100	1	19
91100	2	1
91100	70	1
91200	0	0
91200	1	18
91200	2	2
91200	3	1
91200	82	1
91300	0	0
91300	1	12
91300	2	3
91300	89	1
91400	0	0
91400	1	19
91400	2	3
91400	3	1
91400	4	1
91400	18	1
91400	85	1
91500	0	0
91500	1	31
91500	2	4
91500	3	2
91500	4	1
91500	5	1
91500	79	1
91600	0	0
91600	1	13
91600	2	5
91600	3	1
91600	77	1
91700	0	0
91700	1	16
91700	2	6
91700	3	1
91700	5	1
91700	12	1
91700	78	1
91800	0	0
91800	1	21
91800	2	2
91800	4	1
91800	70	1
91900	0	0
91900	1	11
91900	2	3
91900	7	1
91900	77	1
92000	0	0
92000	1	16
92000	2	4
92000	3	2
92000	70	1
92100	0	0
92100	1	25
92100	2	3
92100	77	1
92200	0	0
92200	1	23
92200	2	5
92200	3	1
92200	4	1
92200	86	1
92300	0	0
92300	1	33
92300	2	3
92300	3	5
92300	79	1
92400	0	0
92400	1	29
92400	2	3
92400	3	1
92400	32	1
92400	87	1
92500	0	0
92500	1	24
92500	2	4
92500	4	1
92500	10	1
92500	76	1
92600	0	0
92600	1	26
92600	2	3
92600	3	2
92600	4	2
92600	73	1
92700	0	0
92700	1	25
92700	2	1
92700	4	1
92700	77	1
92800	0	0
92800	1	24
92800	2	5
92800	3	1
92800	71	1
92900	0	0
92900	1	23
92900	2	5
92900	3	2
92900	6	1
92900	77	1
93000	0	0
93000	1	16
93000	2	3
93000	3	2
93000	4	1
93000	71	1
93100	0	0
93100	1	23
93100	2	1
93100	3	1
93100	4	1
93100	5	1
93100	86	1
93200	0	0
93200	1	22
93200	2	3
93200	79	1
93300	0	0
93300	1	29
93300	2	1
93300	3	3
93300	4	1
93300	5	1
93300	83	1
93400	0	0
93400	1	23
93400	2	1
93400	83	1
93500	0	0
93500	1	24
93500	2	1
93500	3	2
93500	84	1
93600	0	0
93600	1	19
93600	2	3
93600	73	1
93700	0	0
93700	1	10
93700	2	1
93700	74	1
93800	0	0
93800	1	21
93800	2	4
93800	3	1
93800	76	1
93900	0	0
93900	1	20
93900	3	1
93900	73	1
94000	0	0
94000	1	20
94000	2	5
94000	3	1
94000	72	1
94100	0	0
94100	1	21
94100	2	2
94100	3	1
94100	71	1
94200	0	0
94200	1	25
94200	2	2
94200	5	1
94200	81	1
94300	0	0
94300	1	22
94300	2	4
94300	3	1
94300	86	1
94400	0	0
94400	1	26
94400	2	3
94400	3	1
94400	71	1
94500	0	0
94500	1	27
94500	2	7
94500	3	2
94500	5	1
94500	85	1
94600	0	0
94600	1	20
94600	2	2
94600	82	1
94700	0	0
94700	1	15
94700	2	4
94700	72	1
94800	0	0
94800	1	17
94800	2	1
94800	3	1
94800	82	1
94900	0	0
94900	1	21
94900	2	4
94900	3	1
94900	72	1
95000	0	0
95000	1	13
95000	2	3
95000	4	1
95000	71	1
95100	0	0
95100	1	20
95100	2	1
95100	5	1
95100	77	1
95200	0	0
95200	1	16
95200	2	1
95200	3	1
95200	4	1
95200	70	1
95300	0	0
95300	1	29
95300	2	6
95300	3	1
95300	4	1
95300	89	1
95400	0	0
95400	1	17
95400	2	5
95400	3	2
95400	72	1
95500	0	0
95500	1	17
95500	2	4
95500	3	3
95500	6	1
95500	72	1
95600	0	0
95600	1	19
95600	2	2
95600	77	1
95700	0	0
95700	1	25
95700	2	5
95700	8	1
95700	90	1
95800	0	0
95800	1	17
95800	2	4
95800	3	2
95800	4	1
95800	13	1
95800	71	1
95900	0	0
95900	1	21
95900	2	4
95900	4	1
95900	11	1
95900	79	1
96000	0	0
96000	1	24
96000	2	6
96000	4	2
96000	73	1
96100	0	0
96100	1	26
96100	2	8
96100	3	1
96100	4	1
96100	76	1
96200	0	0
96200	1	23
96200	2	6
96200	3	1
96200	77	1
96300	0	0
96300	1	23
96300	2	9
96300	3	1
96300	87	1
96400	0	0
96400	1	22
96400	2	7
96400	3	3
96400	6	2
96400	8	1
96400	75	1
96500	0	0
96500	1	22
96500	2	7
96500	4	1
96500	6	1
96500	7	1
96500	83	1
96600	0	0
96600	1	24
96600	3	3
96600	77	1
96700	0	0
96700	1	20
96700	2	5
96700	4	1
96700	8	1
96700	72	1
96800	0	0
96800	1	25
96800	2	2
96800	4	1
96800	71	1
96900	0	0
96900	1	19
96900	2	3
96900	3	3
96900	4	1
96900	78	1
97000	0	0
97000	1	16
97000	2	6
97000	3	1
97000	13	1
97000	76	1
97100	0	0
97100	1	20
97100	2	5
97100	4	2
97100	6	1
97100	75	1
97200	0	0
97200	1	25
97200	2	2
97200	3	1
97200	5	1
97200	13	1
97200	43	1
97200	83	1
97300	0	0
97300	1	31
97300	2	5
97300	3	1
97300	4	1
97300	5	1
97300	15	1
97300	24	1
97300	74	1
97400	0	0
97400	1	30
97400	2	5
97400	3	1
97400	4	1
97400	5	1
97400	15	1
97400	24	1
97400	74	1
97500	0	0
97500	1	30
97500	2	5
97500	3	1
97500	4	1
97500	5	1
97500	15	1
97500	24	1
97500	74	1
97600	0	0
97600	1	30
97600	2	5
97600	3	1
97600	4	1
97600	5	1
97600	15	1
97600	24	1
97600	74	1
97700	0	0
97700	1	19
97700	2	5
97700	3	1
97700	13	1
97700	86	1
97800	0	0
97800	1	17
97800	2	7
97800	3	2
97800	5	1
97800	19	1
97800	87	1
97900	0	0
97900	1	16
97900	2	4
97900	9	1
97900	82	1
98000	0	0
98000	1	19
98000	2	6
98000	3	1
98000	77	1
98100	0	0
98100	1	21
98100	2	4
98100	3	1
98100	4	1
98100	77	1
98200	0	0
98200	1	21
98200	2	1
98200	73	1
98300	0	0
98300	1	23
98300	2	2
98300	3	2
98300	76	1
98400	0	0
98400	1	20
98400	2	8
98400	3	2
98400	4	1
98400	74	1
98500	0	0
98500	1	28
98500	2	3
98500	4	1
98500	78	1
98600	0	0
98600	1	17
98600	2	6
98600	4	2
98600	78	1
98700	0	0
98700	1	25
98700	2	5
98700	3	1
98700	88	1
98800	0	0
98800	1	29
98800	2	5
98800	3	2
98800	4	1
98800	5	1
98800	86	1
98900	0	0
98900	1	25
98900	2	8
98900	5	2
98900	74	1
99000	0	0
99000	1	20
99000	2	4
99000	3	1
99000	4	1
99000	85	1
99100	0	0
99100	1	27
99100	2	2
99100	5	1
99100	73	1
99200	0	0
99200	1	25
99200	2	5
99200	3	3
99200	5	1
99200	76	1
99300	0	0
99300	1	16
99300	2	3
99300	72	1
99400	0	0
99400	1	15
99400	2	5
99400	71	1
99500	0	0
99500	1	17
99500	2	1
99500	3	2
99500	85	1
99600	0	0
99600	1	14
99600	2	4
99600	74	1
99700	0	0
99700	1	27
99700	2	4
99700	4	1
99700	5	1
99700	70	1
99800	0	0
99800	1	24
99800	2	7
99800	3	1
99800	72	1
99900	0	0
99900	1	21
99900	2	3
99900	3	2
99900	84	1
100000	0	0
100000	1	20
100000	2	4
100000	3	1
100000	79	1
100100	0	0
100100	1	26
100100	2	5
100100	4	2
100100	5	1
100100	75	1
100200	0	0
100200	1	24
100200	2	3
100200	3	1
100200	5	1
100200	87	1
100300	0	0
100300	1	14
100300	2	4
100300	3	2
100300	4	1
100300	71	1
100400	0	0
100400	1	18
100400	2	6
100400	3	1
100400	4	1
100400	72	1
100500	0	0
100500	1	18
100500	2	4
100500	3	1
100500	5	1
100500	79	1
100600	0	0
100600	1	21
100600	2	3
100600	77	1
100700	0	0
100700	1	29
100700	2	1
100700	3	2
100700	90	1
100800	0	0
100800	1	21
100800	2	4
100800	3	1
100800	76	1
100900	0	0
100900	1	28
100900	2	3
100900	4	2
100900	70	1
101000	0	0
101000	1	25
101000	2	5
101000	3	2
101000	4	1
101000	71	1
101100	0	0
101100	1	30
101100	2	5
101100	3	3
101100	87	1
101200	0	0
101200	1	29
101200	2	4
101200	3	1
101200	4	1
101200	90	1
101300	0	0
101300	1	22
101300	2	7
101300	85	1
101400	0	0
101400	1	27
101400	3	2
101400	4	1
101400	76	1
101500	0	0
101500	1	19
101500	2	6
101500	3	1
101500	75	1
101600	0	0
101600	1	22
101600	2	1
101600	81	1
101700	0	0
101700	1	18
101700	2	5
101700	3	2
101700	84	1
101800	0	0
101800	1	24
101800	2	4
101800	3	2
101800	4	1
101800	5	1
101800	76	1
101900	0	0
101900	1	14
101900	2	2
101900	3	2
101900	82	1
102000	0	0
102000	1	17
102000	2	5
102000	70	1
102100	0	0
102100	1	17
102100	3	1
102100	5	1
102100	72	1
102200	0	0
102200	1	13
102200	2	3
102200	74	1
102300	0	0
102300	1	29
102300	2	1
102300	3	1
102300	70	1
102400	0	0
102400	1	21
102400	2	4
102400	3	1
102400	81	1
102500	0	0
102500	1	29
102500	2	6
102500	3	3
102500	4	1
102500	87	1
102600	0	0
102600	1	18
102600	2	1
102600	7	1
102600	87	1
102700	0	0
102700	1	19
102700	2	5
102700	3	1
102700	6	1
102700	7	2
102700	72	1
102800	0	0
102800	1	29
102800	2	5
102800	5	1
102800	70	1
102900	0	0
102900	1	17
102900	2	4
102900	3	1
102900	77	1
103000	0	0
103000	1	21
103000	2	10
103000	89	1
103100	0	0
103100	1	17
103100	2	6
103100	3	3
103100	78	1
103200	0	0
103200	1	21
103200	2	2
103200	70	1
103300	0	0
103300	1	20
103300	2	2
103300	9	1
103300	79	1
103400	0	0
103400	1	20
103400	2	5
103400	3	2
103400	74	1
103500	0	0
103500	1	26
103500	2	5
103500	74	1
103600	0	0
103600	1	28
103600	2	6
103600	3	2
103600	73	1
103700	0	0
103700	1	13
103700	2	9
103700	3	4
103700	9	1
103700	90	1
103800	0	0
103800	1	23
103800	2	3
103800	3	1
103800	4	2
103800	77	1
103900	0	0
103900	1	23
103900	2	9
103900	3	3
103900	4	1
103900	9	1
103900	76	1
104000	0	0
104000	1	17
104000	2	7
104000	4	1
104000	79	1
104100	0	0
104100	1	22
104100	2	5
104100	3	6
104100	4	1
104100	6	1
104100	71	1
104200	0	0
104200	1	24
104200	2	4
104200	3	1
104200	4	1
104200	5	1
104200	86	1
104300	0	0
104300	1	22
104300	2	5
104300	3	1
104300	4	1
104300	6	1
104300	7	1
104300	88	1
104400	0	0
104400	1	18
104400	2	6
104400	3	1
104400	82	1
104500	0	0
104500	1	30
104500	3	1
104500	85	1
104600	0	0
104600	1	23
104600	2	2
104600	3	1
104600	5	1
104600	75	1
104700	0	0
104700	1	22
104700	2	3
104700	3	1
104700	4	1
104700	16	1
104700	74	1
104800	0	0
104800	1	30
104800	2	1
104800	3	2
104800	20	1
104800	78	1
104900	0	0
104900	1	21
104900	2	5
104900	3	1
104900	9	1
104900	75	1
105000	0	0
105000	1	14
105000	2	6
105000	3	1
105000	4	2
105000	71	1
105100	0	0
105100	1	24
105100	2	5
105100	70	1
105200	0	0
105200	1	25
105200	2	3
105200	3	1
105200	4	1
105200	74	1
105300	0	0
105300	1	27
105300	2	5
105300	4	1
105300	89	1
105400	0	0
105400	1	13
105400	2	6
105400	4	1
105400	73	1
105500	0	0
105500	1	25
105500	2	6
105500	3	1
105500	4	1
105500	73	1
105600	0	0
105600	1	20
105600	2	2
105600	80	1
105700	0	0
105700	1	20
105700	2	2
105700	80	1
105800	0	0
105800	1	19
105800	2	3
105800	3	1
105800	81	1
105900	0	0
105900	1	18
105900	2	7
105900	3	1
105900	71	1
106000	0	0
106000	1	22
106000	2	4
106000	14	1
106000	75	1
106100	0	0
106100	1	21
106100	2	9
106100	3	1
106100	5	1
106100	7	1
106100	84	1
106200	0	0
106200	1	18
106200	2	6
106200	3	1
106200	7	1
106200	8	1
106200	86	1
106300	0	0
106300	1	15
106300	2	3
106300	4	1
106300	80	1
106400	0	0
106400	1	31
106400	2	2
106400	3	2
106400	4	1
106400	77	1
106500	0	0
106500	1	23
106500	2	7
106500	85	1
106600	0	0
106600	1	21
106600	2	4
106600	3	2
106600	4	3
106600	84	1
106700	0	0
106700	1	12
106700	2	6
106700	3	2
106700	5	1
106700	82	1
106800	0	0
106800	1	25
106800	2	3
106800	3	1
106800	73	1
106900	0	0
106900	1	24
106900	2	3
106900	3	2
106900	82	1
107000	0	0
107000	1	14
107000	2	4
107000	3	1
107000	5	1
107000	72	1
107100	0	0
107100	1	19
107100	2	6
107100	3	1
107100	87	1
107200	0	0
107200	1	27
107200	2	3
107200	3	1
107200	77	1
107300	0	0
107300	1	24
107300	2	5
107300	3	1
107300	79	1
107400	0	0
107400	1	18
107400	2	4
107400	3	1
107400	12	1
107400	76	1
107500	0	0
107500	1	26
107500	2	2
107500	3	1
107500	4	1
107500	80	1
107600	0	0
107600	1	23
107600	2	7
107600	3	1
107600	4	1
107600	87	1
107700	0	0
107700	1	34
107700	2	4
107700	3	1
107700	83	1
107800	0	0
107800	1	16
107800	2	1
107800	3	1
107800	74	1
107900	0	0
107900	1	22
107900	2	2
107900	3	1
107900	9	1
107900	80	1
108000	0	0
108000	1	20
108000	2	2
108000	72	1
108100	0	0
108100	1	18
108100	2	3
108100	3	2
108100	88	1
108200	0	0
108200	1	19
108200	2	3
108200	18	1
108200	81	1
108300	0	0
108300	1	20
108300	2	3
108300	3	2
108300	4	1
108300	8	1
108300	75	1
108400	0	0
108400	1	21
108400	2	2
108400	3	1
108400	89	1
108500	0	0
108500	1	19
108500	2	3
108500	3	1
108500	10	1
108500	84	1
108600	0	0
108600	1	26
108600	2	3
108600	3	1
108600	4	2
108600	6	1
108600	79	1
108700	0	0
108700	1	32
108700	2	3
108700	3	1
108700	87	1
108800	0	0
108800	1	24
108800	2	4
108800	3	1
108800	4	1
108800	5	1
108800	78	1
108900	0	0
108900	1	14
108900	2	2
108900	3	2
108900	74	1
109000	0	0
109000	1	25
109000	2	3
109000	3	1
109000	77	1
109100	0	0
109100	1	13
109100	2	2
109100	3	2
109100	4	1
109100	5	1
109100	75	1
109200	0	0
109200	1	35
109200	2	1
109200	3	1
109200	78	1
109300	0	0
109300	1	33
109300	2	4
109300	3	2
109300	78	1
109400	0	0
109400	1	21
109400	2	6
109400	3	2
109400	4	1
109400	73	1
109500	0	0
109500	1	13
109500	2	2
109500	3	1
109500	86	1
109600	0	0
109600	1	22
109600	2	2
109600	3	1
109600	85	1
109700	0	0
109700	1	26
109700	2	1
109700	3	2
109700	4	1
109700	70	1
109800	0	0
109800	1	20
109800	2	9
109800	3	1
109800	81	1
109900	0	0
109900	1	21
109900	2	2
109900	3	1
109900	4	2
109900	87	1
110000	0	0
110000	1	19
110000	2	2
110000	70	1
110100	0	0
110100	1	29
110100	2	7
110100	3	1
110100	75	1
110200	0	0
110200	1	16
110200	2	8
110200	3	1
110200	4	1
110200	77	1
110300	0	0
110300	1	21
110300	2	7
110300	84	1
110400	0	0
110400	1	22
110400	2	6
110400	85	1
110500	0	0
110500	1	21
110500	2	4
110500	3	1
110500	7	1
110500	73	1
110600	0	0
110600	1	28
110600	2	3
110600	3	1
110600	72	1
110700	0	0
110700	1	24
110700	2	2
110700	3	1
110700	7	1
110700	12	1
110700	78	1
110800	0	0
110800	1	17
110800	2	5
110800	3	2
110800	4	1
110800	8	1
110800	71	1
110900	0	0
110900	1	18
110900	2	6
110900	3	3
110900	4	3
110900	71	1
111000	0	0
111000	1	13
111000	2	6
111000	6	2
111000	79	1
111100	0	0
111100	1	24
111100	2	3
111100	3	2
111100	5	1
111100	74	1
111200	0	0
111200	1	30
111200	2	3
111200	3	1
111200	70	1
111300	0	0
111300	1	23
111300	2	5
111300	3	1
111300	74	1
111400	0	0
111400	1	20
111400	3	1
111400	4	1
111400	73	1
111500	0	0
111500	1	22
111500	2	7
111500	4	1
111500	6	1
111500	77	1
111600	0	0
111600	1	23
111600	2	7
111600	3	3
111600	70	1
111700	0	0
111700	1	28
111700	2	6
111700	74	1
111800	0	0
111800	1	23
111800	2	2
111800	4	1
111800	5	1
111800	75	1
111900	0	0
111900	1	16
111900	2	2
111900	3	1
111900	4	1
111900	83	1
112000	0	0
112000	1	24
112000	2	4
112000	3	2
112000	4	1
112000	6	1
112000	72	1
112100	0	0
112100	1	16
112100	2	4
112100	3	2
112100	81	1
112200	0	0
112200	1	24
112200	2	1
112200	3	2
112200	90	1
112300	0	0
112300	1	21
112300	2	2
112300	81	1
112400	0	0
112400	1	23
112400	2	4
112400	9	1
112400	71	1
112500	0	0
112500	1	22
112500	2	2
112500	3	1
112500	5	1
112500	72	1
112600	0	0
112600	1	27
112600	2	2
112600	80	1
112700	0	0
112700	1	12
112700	2	7
112700	3	2
112700	5	1
112700	73	1
112800	0	0
112800	1	26
112800	2	4
112800	3	2
112800	73	1
112900	0	0
112900	1	28
112900	2	3
112900	3	1
112900	4	1
112900	5	1
112900	85	1
113000	0	0
113000	1	29
113000	2	4
113000	3	2
113000	4	1
113000	74	1
113100	0	0
113100	1	23
113100	2	4
113100	80	1
113200	0	0
113200	1	19
113200	2	1
113200	4	1
113200	70	1
113300	0	0
113300	1	19
113300	2	1
113300	3	1
113300	4	1
113300	6	1
113300	71	1
113400	0	0
113400	1	20
113400	2	2
113400	82	1
113500	0	0
113500	1	14
113500	2	2
113500	3	2
113500	4	2
113500	76	1
113600	0	0
113600	1	19
113600	2	2
113600	3	2
113600	4	2
113600	81	1
113700	0	0
113700	1	23
113700	2	3
113700	3	1
113700	70	1
113800	0	0
113800	1	21
113800	2	4
113800	79	1
113900	0	0
113900	1	18
113900	3	1
113900	87	1
114000	0	0
114000	1	20
114000	2	3
114000	3	1
114000	18	1
114000	71	1
114100	0	0
114100	1	30
114100	2	8
114100	3	1
114100	5	1
114100	71	1
114200	0	0
114200	1	15
114200	2	6
114200	3	2
114200	4	1
114200	80	1
114300	0	0
114300	1	31
114300	2	3
114300	3	2
114300	5	1
114300	73	1
114400	0	0
114400	1	24
114400	2	7
114400	71	1
114500	0	0
114500	1	17
114500	2	7
114500	8	1
114500	78	1
114600	0	0
114600	1	18
114600	2	4
114600	3	1
114600	4	1
114600	73	1
114700	0	0
114700	1	16
114700	2	4
114700	6	1
114700	81	1
114800	0	0
114800	1	18
114800	2	1
114800	3	3
114800	4	1
114800	9	1
114800	81	1
114900	0	0
114900	1	22
114900	2	1
114900	3	1
114900	4	1
114900	73	1
115000	0	0
115000	1	21
115000	2	6
115000	3	2
115000	72	1
115100	0	0
115100	1	21
115100	2	4
115100	3	1
115100	4	1
115100	75	1
115200	0	0
115200	1	22
115200	2	2
115200	3	1
115200	76	1
115300	0	0
115300	1	12
115300	2	2
115300	3	1
115300	4	1
115300	79	1
115400	0	0
115400	1	20
115400	2	3
115400	3	3
115400	6	1
115400	7	1
115400	78	1
115500	0	0
115500	1	17
115500	2	3
115500	3	2
115500	4	2
115500	76	1
115600	0	0
115600	1	18
115600	2	3
115600	76	1
115700	0	0
115700	1	12
115700	2	2
115700	3	2
115700	7	1
115700	84	1
115800	0	0
115800	1	34
115800	2	2
115800	3	1
115800	76	1
115900	0	0
115900	1	20
115900	2	5
115900	3	1
115900	5	1
115900	88	1
116000	0	0
116000	1	30
116000	2	5
116000	3	1
116000	88	1
116100	0	0
116100	1	21
116100	2	5
116100	3	1
116100	4	1
116100	84	1
116200	0	0
116200	1	25
116200	2	6
116200	3	2
116200	6	1
116200	8	1
116200	83	1
116300	0	0
116300	1	21
116300	2	4
116300	6	1
116300	72	1
116400	0	0
116400	1	23
116400	2	5
116400	3	3
116400	9	1
116400	70	1
116500	0	0
116500	1	10
116500	2	2
116500	77	1
116600	0	0
116600	1	26
116600	2	1
116600	3	1
116600	4	2
116600	71	1
116700	0	0
116700	1	17
116700	2	3
116700	82	1
116800	0	0
116800	1	18
116800	2	3
116800	78	1
116900	0	0
116900	1	17
116900	2	7
116900	3	2
116900	4	2
116900	86	1
117000	0	0
117000	1	23
117000	2	5
117000	80	1
117100	0	0
117100	1	22
117100	2	6
117100	3	2
117100	4	1
117100	14	1
117100	75	1
117200	0	0
117200	1	21
117200	2	3
117200	4	1
117200	5	1
117200	73	1
117300	0	0
117300	1	20
117300	2	5
117300	3	2
117300	4	1
117300	5	1
117300	9	1
117300	75	1
117400	0	0
117400	1	19
117400	2	2
117400	3	2
117400	71	1
117500	0	0
117500	1	20
117500	2	1
117500	4	2
117500	87	1
117600	0	0
117600	1	23
117600	2	5
117600	4	1
117600	5	1
117600	6	1
117600	79	1
117700	0	0
117700	1	17
117700	2	6
117700	78	1
117800	0	0
117800	1	28
117800	2	3
117800	4	1
117800	6	1
117800	7	1
117800	75	1
117900	0	0
117900	1	22
117900	2	3
117900	74	1
118000	0	0
118000	1	26
118000	2	3
118000	3	1
118000	79	1
118100	0	0
118100	1	28
118100	2	3
118100	3	1
118100	6	1
118100	70	1
118200	0	0
118200	1	23
118200	2	4
118200	6	2
118200	74	1
118300	0	0
118300	1	24
118300	2	3
118300	4	2
118300	83	1
118400	0	0
118400	1	32
118400	2	4
118400	3	1
118400	85	1
118500	0	0
118500	1	17
118500	2	4
118500	4	1
118500	89	1
118600	0	0
118600	1	27
118600	2	7
118600	3	1
118600	4	1
118600	74	1
118700	0	0
118700	1	17
118700	2	4
118700	3	2
118700	83	1
118800	0	0
118800	1	17
118800	2	5
118800	3	1
118800	74	1
118900	0	0
118900	1	19
118900	2	5
118900	71	1
119000	0	0
119000	1	19
119000	2	3
119000	3	1
119000	7	1
119000	87	1
119100	0	0
119100	1	22
119100	2	6
119100	3	1
119100	5	1
119100	70	1
119200	0	0
119200	1	21
119200	2	3
119200	81	1
119300	0	0
119300	1	16
119300	2	1
119300	70	1
119400	0	0
119400	1	24
119400	2	4
119400	3	1
119400	4	1
119400	5	1
119400	7	1
119400	83	1
119500	0	0
119500	1	26
119500	2	4
119500	3	1
119500	4	2
119500	6	1
119500	78	1
119600	0	0
119600	1	20
119600	2	1
119600	84	1
119700	0	0
119700	1	28
119700	2	9
119700	3	1
119700	4	1
119700	7	1
119700	77	1
119800	0	0
119800	1	24
119800	2	7
119800	4	1
119800	7	1
119800	70	1
119900	0	0
119900	1	23
119900	2	4
119900	3	1
119900	4	1
119900	6	1
119900	8	1
119900	84	1
120000	0	0
120000	1	21
120000	2	9
120000	3	1
120000	72	1
120100	0	0
120100	1	17
120100	2	5
120100	4	1
120100	70	1
120200	0	0
120200	1	17
120200	2	5
120200	4	1
120200	70	1
120300	0	0
120300	1	17
120300	3	6
120300	70	1
120400	0	0
120400	1	17
120400	2	2
120400	70	1
120500	0	0
120500	1	28
120500	2	5
120500	3	2
120500	88	1
120600	0	0
120600	1	19
120600	2	4
120600	9	1
120600	73	1
120700	0	0
120700	1	20
120700	2	4
120700	7	1
120700	74	1
120800	0	0
120800	1	25
120800	2	4
120800	3	1
120800	71	1
120900	0	0
120900	1	20
120900	2	3
120900	3	2
120900	75	1
121000	0	0
121000	1	30
121000	2	7
121000	3	1
121000	11	1
121000	78	1
121100	0	0
121100	1	22
121100	2	5
121100	82	1
121200	0	0
121200	1	21
121200	2	1
121200	3	1
121200	75	1
121300	0	0
121300	1	15
121300	2	2
121300	84	1
121400	0	0
121400	1	17
121400	2	11
121400	3	1
121400	73	1
121500	0	0
121500	1	23
121500	2	2
121500	5	1
121500	78	1
121600	0	0
121600	1	22
121600	2	3
121600	3	1
121600	71	1
121700	0	0
121700	1	24
121700	2	3
121700	3	2
121700	88	1
121800	0	0
121800	1	27
121800	2	10
121800	3	1
121800	8	1
121800	73	1
121900	0	0
121900	1	27
121900	2	4
121900	3	2
121900	6	1
121900	71	1
122000	0	0
122000	1	27
122000	2	1
122000	3	1
122000	72	1
122100	0	0
122100	1	21
122100	2	5
122100	3	2
122100	5	1
122100	76	1
122200	0	0
122200	1	16
122200	2	3
122200	75	1
122300	0	0
122300	1	25
122300	2	4
122300	76	1
122400	0	0
122400	1	30
122400	2	4
122400	3	1
122400	4	1
122400	72	1
122500	0	0
122500	1	23
122500	2	5
122500	3	1
122500	4	1
122500	72	1
122600	0	0
122600	1	24
122600	2	1
122600	3	1
122600	75	1
122700	0	0
122700	1	16
122700	2	5
122700	86	1
122800	0	0
122800	1	20
122800	2	6
122800	3	1
122800	72	1
122900	0	0
122900	1	23
122900	2	8
122900	3	1
122900	77	1
123000	0	0
123000	1	23
123000	2	8
123000	3	1
123000	77	1
123100	0	0
123100	1	23
123100	2	8
123100	3	1
123100	77	1
123200	0	0
123200	1	17
123200	2	4
123200	3	3
123200	4	1
123200	84	1
123300	0	0
123300	1	24
123300	2	3
123300	3	1
123300	84	1
123400	0	0
123400	1	23
123400	2	1
123400	71	1
123500	0	0
123500	1	22
123500	2	3
123500	4	1
123500	79	1
123600	0	0
123600	1	25
123600	2	4
123600	3	1
123600	72	1
123700	0	0
123700	1	27
123700	2	3
123700	73	1
123800	0	0
123800	1	16
123800	2	5
123800	3	1
123800	4	1
123800	70	1
123900	0	0
123900	1	15
123900	2	5
123900	3	2
123900	75	1
124000	0	0
124000	1	21
124000	2	4
124000	3	3
124000	70	1
124100	0	0
124100	1	20
124100	2	5
124100	3	3
124100	4	1
124100	10	1
124100	90	1
124200	0	0
124200	1	36
124200	2	3
124200	3	1
124200	5	1
124200	90	1
124300	0	0
124300	1	21
124300	2	3
124300	3	1
124300	84	1
124400	0	0
124400	1	34
124400	2	3
124400	3	2
124400	4	1
124400	75	1
124500	0	0
124500	1	24
124500	2	5
124500	3	1
124500	72	1
124600	0	0
124600	1	17
124600	2	2
124600	76	1
124700	0	0
124700	1	21
124700	2	2
124700	3	1
124700	73	1
124800	0	0
124800	1	21
124800	2	6
124800	3	1
124800	80	1
124900	0	0
124900	1	26
124900	81	1
125000	0	0
125000	1	13
125000	2	5
125000	3	1
125000	4	1
125000	72	1
125100	0	0
125100	1	25
125100	2	4
125100	3	2
125100	78	1
125200	0	0
125200	1	23
125200	2	2
125200	3	1
125200	4	1
125200	7	1
125200	70	1
125300	0	0
125300	1	17
125300	2	5
125300	3	3
125300	4	1
125300	70	1
125400	0	0
125400	1	22
125400	2	2
125400	3	1
125400	83	1
125500	0	0
125500	1	18
125500	2	3
125500	71	1
125600	0	0
125600	1	12
125600	2	8
125600	3	2
125600	74	1
125700	0	0
125700	1	21
125700	2	5
125700	3	1
125700	71	1
125800	0	0
125800	1	17
125800	2	1
125800	3	2
125800	75	1
125900	0	0
125900	1	20
125900	2	3
125900	4	1
125900	79	1
126000	0	0
126000	1	21
126000	3	7
126000	89	1
126100	0	0
126100	1	16
126100	2	2
126100	3	1
126100	4	2
126100	7	1
126100	71	1
126200	0	0
126200	1	19
126200	2	6
126200	3	1
126200	71	1
126300	0	0
126300	1	16
126300	2	5
126300	3	1
126300	87	1
126400	0	0
126400	1	20
126400	2	2
126400	3	1
126400	81	1
126500	0	0
126500	1	21
126500	2	5
126500	3	1
126500	73	1
126600	0	0
126600	1	17
126600	2	3
126600	3	1
126600	70	1
126700	0	0
126700	1	24
126700	2	1
126700	84	1
126800	0	0
126800	1	21
126800	2	1
126800	3	2
126800	76	1
126900	0	0
126900	1	22
126900	2	1
126900	75	1
127000	0	0
127000	1	23
127000	2	5
127000	3	1
127000	75	1
127100	0	0
127100	1	17
127100	2	1
127100	70	1
127200	0	0
127200	1	21
127200	2	5
127200	80	1
127300	0	0
127300	1	25
127300	2	5
127300	76	1
127400	0	0
127400	1	23
127400	2	5
127400	72	1
127500	0	0
127500	1	12
127500	2	8
127500	3	2
127500	6	1
127500	77	1
127600	0	0
127600	1	19
127600	2	4
127600	83	1
127700	0	0
127700	1	16
127700	2	1
127700	3	1
127700	78	1
127800	0	0
127800	1	17
127800	2	2
127800	3	2
127800	81	1
127900	0	0
127900	1	17
127900	2	2
127900	75	1
128000	0	0
128000	1	21
128000	2	4
128000	3	3
128000	80	1
128100	0	0
128100	1	16
128100	2	3
128100	3	1
128100	76	1
128200	0	0
128200	1	25
128200	2	7
128200	3	1
128200	83	1
128300	0	0
128300	1	23
128300	2	10
128300	3	1
128300	70	1
128400	0	0
128400	1	19
128400	2	5
128400	3	2
128400	84	1
128500	0	0
128500	1	19
128500	2	2
128500	3	2
128500	4	1
128500	74	1
128600	0	0
128600	1	15
128600	2	3
128600	4	1
128600	5	1
128600	6	2
128600	88	1
128700	0	0
128700	1	17
128700	2	4
128700	4	1
128700	88	1
128800	0	0
128800	1	22
128800	2	2
128800	3	1
128800	81	1
128900	0	0
128900	1	26
128900	2	3
128900	3	1
128900	9	1
128900	79	1
129000	0	0
129000	1	21
129000	2	3
129000	3	1
129000	5	1
129000	6	1
129000	78	1
129100	0	0
129100	1	13
129100	2	3
129100	3	2
129100	83	1
129200	0	0
129200	1	20
129200	2	3
129200	83	1
129300	0	0
129300	1	23
129300	2	2
129300	86	1
129400	0	0
129400	1	23
129400	2	7
129400	3	3
129400	5	1
129400	79	1
129500	0	0
129500	1	21
129500	2	4
129500	89	1
129600	0	0
129600	1	27
129600	2	3
129600	3	2
129600	11	1
129600	74	1
129700	0	0
129700	1	24
129700	2	5
129700	3	2
129700	83	1
129800	0	0
129800	1	31
129800	2	7
129800	84	1
129900	0	0
129900	1	25
129900	2	4
129900	3	3
129900	76	1
130000	0	0
130000	1	18
130000	2	3
130000	5	1
130000	77	1
130100	0	0
130100	1	16
130100	2	2
130100	10	1
130100	74	1
130200	0	0
130200	1	19
130200	2	2
130200	3	1
130200	82	1
130300	0	0
130300	1	21
130300	2	3
130300	78	1
130400	0	0
130400	1	22
130400	2	3
130400	3	3
130400	79	1
130500	0	0
130500	1	12
130500	2	2
130500	3	1
130500	73	1
130600	0	0
130600	1	17
130600	2	2
130600	3	1
130600	74	1
130700	0	0
130700	1	26
130700	2	4
130700	3	1
130700	78	1
130800	0	0
130800	1	10
130800	2	3
130800	4	1
130800	78	1
130900	0	0
130900	1	16
130900	2	3
130900	90	1
131000	0	0
131000	1	21
131000	2	4
131000	3	1
131000	11	1
131000	70	1
131100	0	0
131100	1	21
131100	2	4
131100	3	1
131100	11	1
131100	70	1
131200	0	0
131200	1	17
131200	2	5
131200	3	1
131200	72	1
131300	0	0
131300	1	19
131300	2	6
131300	3	1
131300	5	2
131300	7	1
131300	73	1
131400	0	0
131400	1	30
131400	2	2
131400	3	1
131400	81	1
131500	0	0
131500	1	24
131500	2	1
131500	3	2
131500	89	1
131600	0	0
131600	1	15
131600	80	1
131700	0	0
131700	1	19
131700	2	2
131700	71	1
131800	0	0
131800	1	24
131800	5	1
131800	6	1
131800	89	1
131900	0	0
131900	1	16
131900	2	4
131900	6	1
131900	87	1
132000	0	0
132000	1	23
132000	2	4
132000	9	1
132000	90	1
132100	0	0
132100	1	15
132100	2	2
132100	3	1
132100	4	1
132100	90	1
132200	0	0
132200	1	23
132200	2	4
132200	3	1
132200	13	1
132200	82	1
132300	0	0
132300	1	23
132300	2	4
132300	3	2
132300	5	1
132300	7	1
132300	80	1
132400	0	0
132400	1	26
132400	2	8
132400	4	1
132400	6	1
132400	75	1
132500	0	0
132500	1	29
132500	2	3
132500	3	1
132500	81	1
132600	0	0
132600	1	21
132600	3	1
132600	5	1
132600	70	1
132700	0	0
132700	1	26
132700	2	2
132700	3	1
132700	71	1
132800	0	0
132800	1	13
132800	2	1
132800	3	1
132800	6	1
132800	74	1
132900	0	0
132900	1	32
132900	2	3
132900	4	1
132900	8	1
132900	79	1
133000	0	0
133000	1	25
133000	2	2
133000	3	1
133000	4	1
133000	6	1
133000	78	1
133100	0	0
133100	1	22
133100	2	7
133100	4	1
133100	70	1
133200	0	0
133200	1	21
133200	2	4
133200	3	1
133200	87	1
133300	0	0
133300	1	25
133300	2	5
133300	4	1
133300	85	1
133400	0	0
133400	1	27
133400	2	2
133400	4	2
133400	87	1
133500	0	0
133500	1	23
133500	2	5
133500	3	1
133500	4	1
133500	7	1
133500	79	1
133600	0	0
133600	1	26
133600	2	2
133600	75	1
133700	0	0
133700	1	23
133700	2	3
133700	3	2
133700	4	1
133700	81	1
133800	0	0
133800	1	27
133800	2	3
133800	78	1
133900	0	0
133900	1	19
133900	2	2
133900	3	1
133900	4	1
133900	82	1
134000	0	0
134000	1	18
134000	2	6
134000	71	1
134100	0	0
134100	1	20
134100	2	8
134100	70	1
134200	0	0
134200	1	23
134200	2	2
134200	85	1
134300	0	0
134300	1	16
134300	2	3
134300	3	2
134300	5	1
134300	8	1
134300	78	1
134400	0	0
134400	1	24
134400	2	2
134400	4	1
134400	5	1
134400	6	1
134400	80	1
134500	0	0
134500	1	27
134500	2	1
134500	3	1
134500	4	1
134500	82	1
134600	0	0
134600	1	20
134600	2	6
134600	3	1
134600	87	1
134700	0	0
134700	1	18
134700	2	4
134700	3	1
134700	80	1
134800	0	0
134800	1	25
134800	2	3
134800	3	1
134800	4	1
134800	73	1
134900	0	0
134900	1	19
134900	2	3
134900	3	1
134900	73	1
135000	0	0
135000	1	21
135000	2	7
135000	4	1
135000	87	1
135100	0	0
135100	1	24
135100	2	1
135100	73	1
135200	0	0
135200	1	26
135200	2	2
135200	3	1
135200	70	1
135300	0	0
135300	1	31
135300	2	3
135300	4	1
135300	75	1
135400	0	0
135400	1	15
135400	2	2
135400	76	1
135500	0	0
135500	1	23
135500	2	3
135500	3	3
135500	4	1
135500	85	1
135600	0	0
135600	1	23
135600	2	4
135600	3	2
135600	4	1
135600	75	1
135700	0	0
135700	1	22
135700	2	4
135700	3	1
135700	9	1
135700	71	1
135800	0	0
135800	1	24
135800	2	7
135800	3	1
135800	8	1
135800	72	1
135900	0	0
135900	1	25
135900	2	1
135900	4	1
135900	84	1
136000	0	0
136000	1	21
136000	2	2
136000	3	2
136000	6	1
136000	85	1
136100	0	0
136100	1	21
136100	2	3
136100	3	2
136100	82	1
136200	0	0
136200	1	16
136200	2	1
136200	3	1
136200	4	1
136200	6	1
136200	71	1
136300	0	0
136300	1	29
136300	2	3
136300	9	1
136300	82	1
136400	0	0
136400	1	21
136400	2	2
136400	3	1
136400	7	1
136400	81	1
136500	0	0
136500	1	20
136500	2	2
136500	72	1
136600	0	0
136600	1	23
136600	2	4
136600	3	2
136600	82	1
136700	0	0
136700	1	28
136700	2	8
136700	72	1
136800	0	0
136800	1	25
136800	2	3
136800	3	2
136800	4	1
136800	6	1
136800	75	1
136900	0	0
136900	1	18
136900	2	3
136900	70	1
137000	0	0
137000	1	13
137000	2	1
137000	78	1
137100	0	0
137100	1	21
137100	2	6
137100	76	1
137200	0	0
137200	1	21
137200	2	3
137200	3	1
137200	78	1
137300	0	0
137300	1	27
137300	2	2
137300	3	1
137300	80	1
137400	0	0
137400	1	24
137400	4	1
137400	90	1
137500	0	0
137500	1	19
137500	2	6
137500	3	1
137500	5	1
137500	12	1
137500	79	1
137600	0	0
137600	1	20
137600	2	2
137600	6	1
137600	79	1
137700	0	0
137700	1	22
137700	2	8
137700	6	1
137700	71	1
137800	0	0
137800	1	19
137800	2	4
137800	3	1
137800	10	1
137800	77	1
137900	0	0
137900	1	17
137900	2	3
137900	3	1
137900	85	1
138000	0	0
138000	1	24
138000	2	4
138000	4	1
138000	79	1
138100	0	0
138100	1	22
138100	2	6
138100	3	2
138100	70	1
138200	0	0
138200	1	24
138200	2	3
138200	3	2
138200	76	1
138300	0	0
138300	1	23
138300	2	6
138300	5	1
138300	75	1
138400	0	0
138400	1	34
138400	2	3
138400	3	1
138400	4	2
138400	6	1
138400	84	1
138500	0	0
138500	1	29
138500	2	8
138500	3	1
138500	4	1
138500	79	1
138600	0	0
138600	1	17
138600	2	2
138600	3	1
138600	79	1
138700	0	0
138700	1	18
138700	2	4
138700	77	1
138800	0	0
138800	1	18
138800	2	5
138800	73	1
138900	0	0
138900	1	22
138900	2	4
138900	3	2
138900	4	1
138900	78	1
139000	0	0
139000	1	27
139000	2	5
139000	4	1
139000	89	1
139100	0	0
139100	1	24
139100	2	3
139100	74	1
139200	0	0
139200	1	17
139200	2	3
139200	74	1
139300	0	0
139300	1	23
139300	2	6
139300	3	3
139300	88	1
139400	0	0
139400	1	19
139400	2	2
139400	81	1
139500	0	0
139500	1	20
139500	2	3
139500	3	1
139500	5	1
139500	8	1
139500	83	1
139600	0	0
139600	1	14
139600	2	4
139600	3	2
139600	4	1
139600	74	1
139700	0	0
139700	1	24
139700	2	2
139700	3	1
139700	76	1
139800	0	0
139800	1	29
139800	2	7
139800	3	1
139800	4	1
139800	80	1
139900	0	0
139900	1	21
139900	2	2
139900	3	1
139900	6	1
139900	76	1
140000	0	0
140000	1	19
140000	2	4
140000	3	2
140000	4	1
140000	78	1
140100	0	0
140100	1	17
140100	2	6
140100	74	1
140200	0	0
140200	1	14
140200	2	10
140200	3	2
140200	75	1
140300	0	0
140300	1	23
140300	2	4
140300	3	1
140300	4	1
140300	72	1
140400	0	0
140400	1	20
140400	2	1
140400	5	1
140400	8	1
140400	86	1
140500	0	0
140500	1	28
140500	2	6
140500	5	1
140500	71	1
140600	0	0
140600	1	23
140600	2	4
140600	3	1
140600	5	1
140600	73	1
140700	0	0
140700	1	33
140700	2	6
140700	5	1
140700	6	1
140700	87	1
140800	0	0
140800	1	26
140800	2	2
140800	3	2
140800	80	1
140900	0	0
140900	1	32
140900	2	1
140900	3	1
140900	4	1
140900	5	2
140900	6	1
140900	70	1
141000	0	0
141000	1	23
141000	2	3
141000	3	2
141000	75	1
141100	0	0
141100	1	18
141100	2	5
141100	3	2
141100	79	1
141200	0	0
141200	1	18
141200	2	5
141200	3	2
141200	79	1
141300	0	0
141300	1	20
141300	2	4
141300	4	1
141300	71	1
141400	0	0
141400	1	18
141400	2	4
141400	5	1
141400	77	1
141500	0	0
141500	1	21
141500	2	5
141500	79	1
141600	0	0
141600	1	25
141600	2	4
141600	4	1
141600	70	1
141700	0	0
141700	1	25
141700	2	4
141700	4	1
141700	70	1
141800	0	0
141800	1	16
141800	2	1
141800	3	2
141800	82	1
141900	0	0
141900	1	25
141900	2	1
141900	11	1
141900	87	1
142000	0	0
142000	1	20
142000	2	5
142000	70	1
142100	0	0
142100	1	23
142100	2	3
142100	77	1
142200	0	0
142200	1	16
142200	2	1
142200	3	1
142200	73	1
142300	0	0
142300	1	17
142300	2	4
142300	79	1
142400	0	0
142400	1	19
142400	2	7
142400	3	3
142400	4	1
142400	71	1
142500	0	0
142500	1	16
142500	2	2
142500	3	4
142500	7	1
142500	79	1
142600	0	0
142600	1	19
142600	2	5
142600	3	2
142600	4	2
142600	89	1
142700	0	0
142700	1	30
142700	2	3
142700	3	1
142700	5	1
142700	86	1
142800	0	0
142800	1	20
142800	2	4
142800	80	1
142900	0	0
142900	1	20
142900	2	4
142900	3	2
142900	4	1
142900	71	1
143000	0	0
143000	1	20
143000	2	3
143000	4	1
143000	75	1
143100	0	0
143100	1	18
143100	2	5
143100	70	1
143200	0	0
143200	1	26
143200	2	4
143200	70	1
143300	0	0
143300	1	24
143300	2	3
143300	3	1
143300	75	1
143400	0	0
143400	1	15
143400	2	4
143400	3	1
143400	4	1
143400	90	1
143500	0	0
143500	1	22
143500	2	3
143500	3	2
143500	5	1
143500	70	1
143600	0	0
143600	1	25
143600	2	4
143600	88	1
143700	0	0
143700	1	20
143700	2	1
143700	81	1
143800	0	0
143800	1	18
143800	2	3
143800	3	1
143800	6	1
143800	81	1
143900	0	0
143900	1	16
143900	2	7
143900	75	1
144000	0	0
144000	1	27
144000	2	1
144000	3	2
144000	4	1
144000	78	1
144100	0	0
144100	1	13
144100	2	3
144100	3	3
144100	4	1
144100	5	1
144100	79	1
144200	0	0
144200	1	16
144200	2	4
144200	3	1
144200	73	1
144300	0	0
144300	1	18
144300	2	6
144300	3	3
144300	5	1
144300	70	1
144400	0	0
144400	1	18
144400	2	2
144400	6	1
144400	76	1
144500	0	0
144500	1	12
144500	2	3
144500	3	2
144500	72	1
144600	0	0
144600	1	20
144600	2	1
144600	75	1
144700	0	0
144700	1	20
144700	2	1
144700	76	1
144800	0	0
144800	1	11
144800	2	6
144800	4	1
144800	5	1
144800	70	1
144900	0	0
144900	1	16
144900	2	5
144900	3	2
144900	84	1
145000	0	0
145000	1	20
145000	2	4
145000	3	1
145000	70	1
145100	0	0
145100	1	18
145100	2	2
145100	72	1
145200	0	0
145200	1	24
145200	2	3
145200	3	1
145200	4	1
145200	5	1
145200	18	1
145200	84	1
145300	0	0
145300	1	17
145300	3	1
145300	73	1
145400	0	0
145400	1	19
145400	2	6
145400	3	1
145400	75	1
145500	0	0
145500	1	23
145500	2	7
145500	3	1
145500	74	1
145600	0	0
145600	1	22
145600	2	6
145600	77	1
145700	0	0
145700	1	17
145700	2	3
145700	3	2
145700	71	1
145800	0	0
145800	1	31
145800	2	5
145800	81	1
145900	0	0
145900	1	23
145900	2	4
145900	3	3
145900	74	1
146000	0	0
146000	1	19
146000	2	8
146000	3	1
146000	70	1
146100	0	0
146100	1	29
146100	2	2
146100	3	1
146100	5	1
146100	74	1
146200	0	0
146200	1	17
146200	2	6
146200	3	1
146200	4	1
146200	73	1
146300	0	0
146300	1	28
146300	2	7
146300	79	1
146400	0	0
146400	1	23
146400	2	1
146400	7	2
146400	72	1
146500	0	0
146500	1	24
146500	2	4
146500	3	1
146500	77	1
146600	0	0
146600	1	24
146600	2	2
146600	4	2
146600	74	1
146700	0	0
146700	1	19
146700	2	4
146700	3	1
146700	4	2
146700	75	1
146800	0	0
146800	1	23
146800	2	4
146800	3	3
146800	4	1
146800	75	1
146900	0	0
146900	1	18
146900	2	7
146900	3	1
146900	4	1
146900	8	1
146900	77	1
147000	0	0
147000	1	17
147000	2	4
147000	3	1
147000	9	1
147000	84	1
147100	0	0
147100	1	17
147100	2	6
147100	74	1
147200	0	0
147200	1	30
147200	2	2
147200	74	1
147300	0	0
147300	1	29
147300	2	5
147300	3	1
147300	74	1
147400	0	0
147400	1	22
147400	2	5
147400	3	1
147400	6	1
147400	71	1
147500	0	0
147500	1	20
147500	2	4
147500	3	2
147500	71	1
147600	0	0
147600	1	19
147600	2	5
147600	89	1
147700	0	0
147700	1	21
147700	2	1
147700	3	1
147700	4	1
147700	6	1
147700	85	1
147800	0	0
147800	1	17
147800	2	5
147800	3	1
147800	90	1
147900	0	0
147900	1	26
147900	2	3
147900	3	1
147900	4	1
147900	74	1
148000	0	0
148000	1	17
148000	2	3
148000	3	1
148000	82	1
148100	0	0
148100	1	23
148100	2	3
148100	72	1
148200	0	0
148200	1	26
148200	2	2
148200	3	1
148200	71	1
148300	0	0
148300	1	28
148300	2	7
148300	4	1
148300	81	1
148400	0	0
148400	1	21
148400	2	1
148400	73	1
148500	0	0
148500	1	20
148500	2	2
148500	4	1
148500	78	1
148600	0	0
148600	1	15
148600	2	6
148600	3	1
148600	75	1
148700	0	0
148700	1	18
148700	2	4
148700	3	1
148700	77	1
148800	0	0
148800	1	23
148800	2	2
148800	88	1
148900	0	0
148900	1	24
148900	2	2
148900	5	1
148900	8	1
148900	87	1
149000	0	0
149000	1	14
149000	2	5
149000	83	1
149100	0	0
149100	1	17
149100	2	3
149100	3	1
149100	73	1
149200	0	0
149200	1	24
149200	2	4
149200	3	1
149200	4	1
149200	5	1
149200	85	1
149300	0	0
149300	1	24
149300	2	6
149300	3	3
149300	4	1
149300	73	1
149400	0	0
149400	1	29
149400	2	5
149400	3	1
149400	85	1
149500	0	0
149500	1	18
149500	2	8
149500	3	3
149500	74	1
149600	0	0
149600	1	17
149600	2	3
149600	4	1
149600	5	1
149600	72	1
149700	0	0
149700	1	16
149700	2	3
149700	74	1
149800	0	0
149800	1	20
149800	2	7
149800	3	1
149800	4	1
149800	9	1
149800	70	1
149900	0	0
149900	1	22
149900	2	4
149900	3	2
149900	86	1
150000	0	0
150000	1	23
150000	2	5
150000	3	2
150000	70	1
150100	0	0
150100	1	28
150100	2	5
150100	3	3
150100	4	1
150100	87	1
150200	0	0
150200	1	19
150200	2	3
150200	4	2
150200	88	1
150300	0	0
150300	1	24
150300	2	4
150300	81	1
150400	0	0
150400	1	30
150400	2	5
150400	6	1
150400	76	1
150500	0	0
150500	1	18
150500	2	4
150500	3	1
150500	4	1
150500	82	1
150600	0	0
150600	1	13
150600	2	4
150600	74	1
150700	0	0
150700	1	21
150700	2	4
150700	3	1
150700	70	1
150800	0	0
150800	1	20
150800	2	2
150800	5	2
150800	12	1
150800	71	1
150900	0	0
150900	1	15
150900	2	4
150900	3	1
150900	4	1
150900	78	1
151000	0	0
151000	1	20
151000	2	1
151000	3	1
151000	4	1
151000	77	1
151100	0	0
151100	1	20
151100	2	1
151100	3	1
151100	4	1
151100	77	1
151200	0	0
151200	1	35
151200	2	1
151200	3	3
151200	7	1
151200	84	1
151300	0	0
151300	1	21
151300	2	6
151300	3	4
151300	89	1
151400	0	0
151400	1	15
151400	2	5
151400	3	1
151400	4	1
151400	85	1
151500	0	0
151500	1	31
151500	2	4
151500	3	1
151500	74	1
151600	0	0
151600	1	32
151600	2	2
151600	88	1
151700	0	0
151700	1	23
151700	2	1
151700	75	1
151800	0	0
151800	1	25
151800	2	6
151800	3	2
151800	76	1
151900	0	0
151900	1	16
151900	2	3
151900	3	2
151900	80	1
152000	0	0
152000	1	13
152000	2	2
152000	74	1
152100	0	0
152100	1	25
152100	2	2
152100	3	1
152100	87	1
152200	0	0
152200	1	19
152200	2	2
152200	3	1
152200	74	1
152300	0	0
152300	1	28
152300	2	2
152300	3	1
152300	7	1
152300	83	1
152400	0	0
152400	1	21
152400	2	3
152400	5	1
152400	78	1
152500	0	0
152500	1	34
152500	2	4
152500	3	2
152500	5	1
152500	6	1
152500	74	1
152600	0	0
152600	1	18
152600	2	3
152600	3	1
152600	4	1
152600	80	1
152700	0	0
152700	1	13
152700	2	5
152700	3	3
152700	4	1
152700	90	1
152800	0	0
152800	1	19
152800	2	1
152800	3	1
152800	4	1
152800	14	1
152800	73	1
152900	0	0
152900	1	23
152900	2	3
152900	81	1
153000	0	0
153000	1	26
153000	2	1
153000	3	2
153000	4	2
153000	5	1
153000	16	2
153000	90	1
153100	0	0
153100	1	26
153100	2	4
153100	3	3
153100	70	1
153200	0	0
153200	1	18
153200	2	2
153200	3	1
153200	4	1
153200	5	1
153200	6	1
153200	79	1
153300	0	0
153300	1	16
153300	2	4
153300	3	1
153300	6	1
153300	81	1
153400	0	0
153400	1	23
153400	2	4
153400	3	1
153400	4	1
153400	72	1
153500	0	0
153500	1	18
153500	2	2
153500	3	1
153500	70	1
153600	0	0
153600	1	24
153600	2	1
153600	3	3
153600	8	1
153600	70	1
153700	0	0
153700	1	14
153700	2	4
153700	3	1
153700	6	1
153700	70	1
153800	0	0
153800	1	13
153800	2	2
153800	3	2
153800	90	1
153900	0	0
153900	1	27
153900	2	3
153900	3	1
153900	83	1
154000	0	0
154000	1	25
154000	2	5
154000	3	1
154000	75	1
154100	0	0
154100	1	13
154100	2	2
154100	3	2
154100	88	1
154200	0	0
154200	1	19
154200	2	1
154200	3	1
154200	4	1
154200	71	1
154300	0	0
154300	1	32
154300	2	3
154300	71	1
154400	0	0
154400	1	28
154400	2	4
154400	3	1
154400	79	1
154500	0	0
154500	1	24
154500	2	10
154500	3	2
154500	5	1
154500	88	1
154600	0	0
154600	1	24
154600	2	4
154600	3	2
154600	13	1
154600	86	1
154700	0	0
154700	1	32
154700	2	6
154700	3	3
154700	4	1
154700	7	1
154700	71	1
154800	0	0
154800	1	26
154800	2	3
154800	3	4
154800	81	1
154900	0	0
154900	1	24
154900	2	2
154900	3	2
154900	70	1
155000	0	0
155000	1	31
155000	2	4
155000	3	1
155000	4	1
155000	71	1
155100	0	0
155100	1	19
155100	2	1
155100	3	2
155100	5	1
155100	13	1
155100	71	1
155200	0	0
155200	1	16
155200	2	4
155200	4	1
155200	72	1
155300	0	0
155300	1	36
155300	2	3
155300	3	1
155300	5	1
155300	70	1
155400	0	0
155400	1	22
155400	3	1
155400	7	1
155400	86	1
155500	0	0
155500	1	24
155500	2	4
155500	3	2
155500	79	1
155600	0	0
155600	1	22
155600	2	3
155600	3	1
155600	70	1
155700	0	0
155700	1	28
155700	2	7
155700	3	1
155700	73	1
155800	0	0
155800	1	16
155800	2	1
155800	3	1
155800	83	1
155900	0	0
155900	1	22
155900	2	3
155900	87	1
156000	0	0
156000	1	18
156000	2	4
156000	5	1
156000	89	1
156100	0	0
156100	1	19
156100	2	8
156100	3	2
156100	4	1
156100	6	1
156100	77	1
156200	0	0
156200	1	24
156200	3	2
156200	71	1
156300	0	0
156300	1	24
156300	3	2
156300	71	1
156400	0	0
156400	1	24
156400	2	3
156400	8	1
156400	72	1
156500	0	0
156500	1	18
156500	2	9
156500	3	2
156500	4	1
156500	71	1
156600	0	0
156600	1	21
156600	2	5
156600	3	1
156600	5	1
156600	71	1
156700	0	0
156700	1	14
156700	2	2
156700	3	2
156700	75	1
156800	0	0
156800	1	32
156800	2	5
156800	3	2
156800	77	1
156900	0	0
156900	1	19
156900	2	1
156900	3	2
156900	9	1
156900	73	1
157000	0	0
157000	1	22
157000	2	3
157000	3	3
157000	72	1
157100	0	0
157100	1	20
157100	2	6
157100	78	1
157200	0	0
157200	1	27
157200	2	2
157200	4	2
157200	8	1
157200	75	1
157300	0	0
157300	1	24
157300	2	3
157300	3	1
157300	82	1
157400	0	0
157400	1	32
157400	2	5
157400	3	3
157400	4	1
157400	71	1
157500	0	0
157500	1	16
157500	2	1
157500	3	3
157500	75	1
157600	0	0
157600	1	22
157600	2	3
157600	5	1
157600	71	1
157700	0	0
157700	1	17
157700	2	2
157700	73	1
157800	0	0
157800	1	19
157800	2	4
157800	82	1
157900	0	0
157900	1	28
157900	2	3
157900	3	1
157900	6	1
157900	73	1
158000	0	0
158000	1	15
158000	2	8
158000	3	1
158000	80	1
158100	0	0
158100	1	20
158100	2	6
158100	4	1
158100	73	1
158200	0	0
158200	1	17
158200	2	4
158200	3	1
158200	4	1
158200	72	1
158300	0	0
158300	1	34
158300	2	4
158300	3	1
158300	8	1
158300	75	1
158400	0	0
158400	1	21
158400	2	5
158400	3	1
158400	90	1
158500	0	0
158500	1	17
158500	2	7
158500	8	1
158500	10	1
158500	70	1
158600	0	0
158600	1	30
158600	2	4
158600	4	1
158600	5	1
158600	7	1
158600	71	1
158700	0	0
158700	1	24
158700	2	4
158700	28	1
158700	82	1
158800	0	0
158800	1	31
158800	2	4
158800	3	3
158800	6	1
158800	78	1
158900	0	0
158900	1	26
158900	2	7
158900	3	2
158900	85	1
159000	0	0
159000	1	24
159000	2	4
159000	3	3
159000	80	1
159100	0	0
159100	1	18
159100	2	2
159100	3	1
159100	77	1
159200	0	0
159200	1	18
159200	2	2
159200	3	1
159200	77	1
159300	0	0
159300	1	21
159300	2	5
159300	3	1
159300	73	1
159400	0	0
159400	1	25
159400	2	5
159400	3	1
159400	4	1
159400	80	1
159500	0	0
159500	1	21
159500	2	5
159500	76	1
159600	0	0
159600	1	22
159600	2	4
159600	84	1
159700	0	0
159700	1	17
159700	2	3
159700	3	1
159700	4	2
159700	86	1
159800	0	0
159800	1	20
159800	2	5
159800	3	1
159800	78	1
159900	0	0
159900	1	9
159900	2	3
159900	3	1
159900	4	1
159900	73	1
160000	0	0
160000	1	21
160000	2	3
160000	70	1
160100	0	0
160100	1	18
160100	3	1
160100	5	1
160100	85	1
160200	0	0
160200	1	30
160200	2	1
160200	85	1
160300	0	0
160300	1	27
160300	2	2
160300	84	1
160400	0	0
160400	1	17
160400	2	5
160400	70	1
160500	0	0
160500	1	16
160500	2	3
160500	3	1
160500	70	1
160600	0	0
160600	1	23
160600	2	3
160600	3	1
160600	6	1
160600	88	1
160700	0	0
160700	1	19
160700	2	6
160700	3	1
160700	80	1
160800	0	0
160800	1	9
160800	2	3
160800	3	1
160800	5	1
160800	71	1
160900	0	0
160900	1	16
160900	2	5
160900	4	1
160900	86	1
161000	0	0
161000	1	18
161000	2	3
161000	3	1
161000	4	1
161000	85	1
161100	0	0
161100	1	19
161100	2	5
161100	3	2
161100	85	1
161200	0	0
161200	1	21
161200	2	3
161200	3	2
161200	7	1
161200	87	1
161300	0	0
161300	1	19
161300	2	3
161300	4	1
161300	88	1
161400	0	0
161400	1	17
161400	2	3
161400	71	1
161500	0	0
161500	1	28
161500	2	4
161500	84	1
161600	0	0
161600	1	25
161600	2	1
161600	79	1
161700	0	0
161700	1	19
161700	2	7
161700	86	1
161800	0	0
161800	1	18
161800	2	3
161800	81	1
161900	0	0
161900	1	27
161900	2	7
161900	90	1
162000	0	0
162000	1	25
162000	2	5
162000	3	1
162000	6	1
162000	82	1
162100	0	0
162100	1	18
162100	2	3
162100	3	1
162100	82	1
162200	0	0
162200	1	21
162200	2	8
162200	3	2
162200	4	1
162200	88	1
162300	0	0
162300	1	25
162300	2	4
162300	84	1
162400	0	0
162400	1	17
162400	2	5
162400	3	1
162400	5	1
162400	85	1
162500	0	0
162500	1	19
162500	2	6
162500	77	1
162600	0	0
162600	1	21
162600	2	7
162600	3	1
162600	4	1
162600	8	1
162600	72	1
162700	0	0
162700	1	21
162700	2	5
162700	3	2
162700	5	1
162700	70	1
162800	0	0
162800	1	26
162800	2	5
162800	3	1
162800	72	1
162900	0	0
162900	1	21
162900	2	4
162900	3	2
162900	4	1
162900	80	1
163000	0	0
163000	1	18
163000	2	6
163000	90	1
163100	0	0
163100	1	22
163100	2	3
163100	80	1
163200	0	0
163200	1	15
163200	2	2
163200	3	1
163200	74	1
163300	0	0
163300	1	21
163300	2	4
163300	3	2
163300	70	1
163400	0	0
163400	1	22
163400	2	4
163400	4	1
163400	79	1
163500	0	0
163500	1	19
163500	2	4
163500	4	1
163500	80	1
163600	0	0
163600	1	21
163600	2	1
163600	4	1
163600	86	1
163700	0	0
163700	1	22
163700	2	7
163700	5	1
163700	7	1
163700	88	1
163800	0	0
163800	1	29
163800	2	3
163800	3	2
163800	75	1
163900	0	0
163900	1	28
163900	2	5
163900	3	1
163900	75	1
164000	0	0
164000	1	23
164000	2	6
164000	3	1
164000	89	1
164100	0	0
164100	1	24
164100	2	5
164100	3	2
164100	88	1
164200	0	0
164200	1	26
164200	2	7
164200	3	5
164200	9	1
164200	78	1
164300	0	0
164300	1	20
164300	2	2
164300	4	1
164300	7	1
164300	81	1
164400	0	0
164400	1	23
164400	2	3
164400	4	1
164400	6	1
164400	79	1
164500	0	0
164500	1	27
164500	2	3
164500	4	1
164500	5	1
164500	78	1
164600	0	0
164600	1	22
164600	2	3
164600	5	1
164600	87	1
164700	0	0
164700	1	26
164700	2	9
164700	80	1
164800	0	0
164800	1	18
164800	2	5
164800	3	1
164800	70	1
164900	0	0
164900	1	20
164900	2	5
164900	3	1
164900	72	1
165000	0	0
165000	1	21
165000	2	5
165000	3	1
165000	71	1
165100	0	0
165100	1	20
165100	2	6
165100	3	1
165100	4	1
165100	74	1
165200	0	0
165200	1	25
165200	2	3
165200	3	1
165200	77	1
165300	0	0
165300	1	18
165300	2	5
165300	3	2
165300	4	1
165300	71	1
165400	0	0
165400	1	17
165400	2	2
165400	3	1
165400	5	1
165400	82	1
165500	0	0
165500	1	28
165500	2	5
165500	3	1
165500	76	1
165600	0	0
165600	1	21
165600	2	6
165600	3	1
165600	4	2
165600	5	1
165600	78	1
165700	0	0
165700	1	23
165700	2	6
165700	3	2
165700	4	1
165700	72	1
165800	0	0
165800	1	17
165800	2	3
165800	3	1
165800	7	1
165800	72	1
165900	0	0
165900	1	8
165900	2	3
165900	3	1
165900	81	1
166000	0	0
166000	1	20
166000	2	4
166000	3	1
166000	4	1
166000	6	1
166000	77	1
166100	0	0
166100	1	22
166100	2	4
166100	80	1
166200	0	0
166200	1	19
166200	2	6
166200	3	1
166200	74	1
166300	0	0
166300	1	15
166300	2	8
166300	3	1
166300	9	1
166300	87	1
166400	0	0
166400	1	23
166400	2	2
166400	3	1
166400	4	1
166400	9	1
166400	72	1
166500	0	0
166500	1	12
166500	2	5
166500	72	1
166600	0	0
166600	1	16
166600	2	4
166600	3	1
166600	8	1
166600	70	1
166700	0	0
166700	1	25
166700	2	4
166700	3	1
166700	6	1
166700	7	2
166700	71	1
166800	0	0
166800	1	21
166800	2	5
166800	3	1
166800	7	1
166800	79	1
166900	0	0
166900	1	22
166900	2	6
166900	3	1
166900	75	1
167000	0	0
167000	1	25
167000	2	1
167000	3	1
167000	7	1
167000	74	1
167100	0	0
167100	1	20
167100	2	3
167100	3	2
167100	9	1
167100	79	1
167200	0	0
167200	1	25
167200	2	3
167200	3	2
167200	79	1
167300	0	0
167300	1	31
167300	2	1
167300	3	1
167300	70	1
167400	0	0
167400	1	23
167400	2	3
167400	3	1
167400	84	1
167500	0	0
167500	1	26
167500	2	2
167500	87	1
167600	0	0
167600	1	21
167600	2	7
167600	5	1
167600	89	1
167700	0	0
167700	1	17
167700	2	4
167700	3	1
167700	4	2
167700	5	1
167700	73	1
167800	0	0
167800	1	22
167800	2	7
167800	71	1
167900	0	0
167900	1	28
167900	2	5
167900	3	1
167900	5	1
167900	8	1
167900	84	1
168000	0	0
168000	1	21
168000	2	4
168000	3	2
168000	5	1
168000	71	1
168100	0	0
168100	1	16
168100	2	1
168100	3	1
168100	73	1
168200	0	0
168200	1	27
168200	2	1
168200	4	1
168200	9	1
168200	84	1
168300	0	0
168300	1	24
168300	2	5
168300	3	1
168300	76	1
168400	0	0
168400	1	19
168400	2	7
168400	3	2
168400	4	2
168400	81	1
168500	0	0
168500	1	25
168500	2	11
168500	3	1
168500	85	1
168600	0	0
168600	1	18
168600	2	4
168600	3	1
168600	70	1
168700	0	0
168700	1	23
168700	2	6
168700	5	1
168700	71	1
168800	0	0
168800	1	26
168800	2	5
168800	84	1
168900	0	0
168900	1	19
168900	2	6
168900	72	1
169000	0	0
169000	1	21
169000	2	4
169000	3	1
169000	86	1
169100	0	0
169100	1	24
169100	2	4
169100	3	1
169100	4	1
169100	82	1
169200	0	0
169200	1	15
169200	2	4
169200	3	1
169200	82	1
169300	0	0
169300	1	22
169300	3	1
169300	70	1
169400	0	0
169400	1	15
169400	2	5
169400	4	1
169400	77	1
169500	0	0
169500	1	25
169500	2	1
169500	3	2
169500	7	1
169500	82	1
169600	0	0
169600	1	20
169600	2	6
169600	3	1
169600	74	1
169700	0	0
169700	1	12
169700	2	2
169700	12	1
169700	70	1
169800	0	0
169800	1	12
169800	2	2
169800	12	1
169800	70	1
169900	0	0
169900	1	21
169900	2	5
169900	3	2
169900	80	1
170000	0	0
170000	1	18
170000	2	4
170000	3	1
170000	4	2
170000	74	1
