 input file:
 coord.inp                     
 axes.inp                      
  0.000000000000000E+000  0.000000000000000E+000  0.000000000000000E+000
  0.810000000000000     
   1000.00000000000     
  0.000000000000000E+000
   1.00000000000000     
     3000000
       50000
        1728        1728           2
  5.836906365320585E-003  5.836906365320585E-003  5.836906365320585E-003
  0.151496407570997       0.137068182783231       0.152715663903592     
  1.169864668275905E-004  3.290922884988126E-002  1.675585943800000E-002
  2.205235563752509E-002  1.336985170406288E-002  1.675585943800000E-002
  1.675585943800000E-002  1.675585943800000E-002  1.675585943800000E-002
  0.400000000000000       0.400000000000000       0.200000000000000     
       10000
        1000
 
 NA =         1728
 
 P* and phi
 
