 coord.inp
 axes.inp
  11.0000000000000     
   1000.00000000000     
  0.000000000000000E-002
   1.00000000000000     
     210
     200
     3000000
     50000
        2744        2744           2
  4.423716581661409E-003  4.423716581661409E-003  4.423716581661409E-003
  0.251750357847233       0.251750357847231       0.251750357847231
  6.241687260878396E-005  3.290922884988126E-002  1.675585943800000E-002
  2.205235563752509E-002  1.336985170406288E-002  1.675585943800000E-002
  1.675585943800000E-002  1.675585943800000E-002  1.675585943800000E-002
  0.400000000000000       0.400000000000000       0.200000000000000
       10000
        1000
       2
       100000
     46627214
